Car 0.0 0 -1.77 119.73 192.16 186.37 233.25 1.46 1.60 3.67 -17.80 2.22 27.97 -2.33 2.12
Car 0.0 0 -1.95 248.33 198.39 379.21 263.79 1.41 1.58 3.66 -7.44 2.05 17.69 -2.33 5.60
Car 0.0 0 1.30 711.10 179.96 799.95 235.81 1.48 1.59 4.15 4.17 1.72 21.58 1.50 2.30
Car 0.0 0 2.78 307.48 179.00 402.39 220.69 1.55 1.66 4.13 -10.40 1.85 29.40 2.44 0.44
Car 0.0 0 1.53 634.74 178.84 697.06 232.57 1.57 1.59 3.71 1.72 1.79 23.32 1.61 0.59
Car 0.0 0 -2.14 378.24 168.03 649.60 305.80 1.78 1.72 4.52 -1.81 1.70 11.40 -2.27 3.60
Car 0.0 0 -1.78 93.05 191.20 154.38 227.73 1.51 1.65 4.05 -22.00 2.35 32.45 -2.38 0.86
Car 0.0 0 -0.44 780.88 173.25 918.32 225.39 1.56 1.67 4.20 7.60 1.60 23.24 -0.12 0.15
Car 0.0 0 -1.67 686.47 177.85 738.93 217.86 1.51 1.54 3.78 4.21 1.75 30.04 -1.53 0.26
Car 0.0 0 -1.95 490.01 172.06 626.72 263.13 1.70 1.74 4.46 -1.29 1.74 15.76 -2.02 0.39
Car 0.0 0 -1.72 269.50 187.38 338.30 218.77 1.45 1.56 3.74 -16.11 2.29 37.79 -2.12 0.06
