Car 0.0 0 1.87 363.53 185.05 482.03 258.63 1.48 1.66 4.11 -4.32 1.80 17.03 1.61 6.67
Car 0.0 0 1.94 230.75 195.23 425.43 302.31 1.47 1.61 4.02 -4.61 1.89 12.34 1.56 7.76
Car 0.0 0 1.76 550.05 177.60 585.04 204.07 1.53 1.64 3.80 -2.61 1.84 44.71 1.70 1.37
Car 0.0 0 -1.77 722.82 168.66 811.94 238.92 1.78 1.66 4.03 4.26 1.69 20.34 -1.56 1.53
Car 0.0 0 2.15 48.28 179.96 347.95 376.89 1.65 1.66 4.12 -4.58 1.79 7.39 1.63 5.24
Car 0.0 0 -1.70 714.63 176.72 775.49 224.75 1.52 1.56 3.59 4.64 1.68 25.42 -1.52 0.32
Car 0.0 0 -1.67 703.34 174.71 746.14 210.55 1.52 1.61 3.70 5.25 1.65 33.63 -1.51 0.17
Car 0.0 0 -1.66 703.06 175.27 752.02 211.38 1.53 1.61 3.73 5.36 1.66 33.55 -1.50 0.09
Car 0.0 0 -1.63 691.97 174.36 725.70 202.72 1.54 1.61 3.82 5.83 1.68 42.89 -1.50 0.09
Car 0.0 0 -1.70 711.29 176.57 762.62 222.56 1.51 1.50 3.34 4.56 1.69 26.32 -1.52 0.09
Car 0.0 0 -1.72 710.76 174.52 785.37 225.77 1.59 1.53 3.42 4.68 1.67 25.07 -1.53 0.15
