Car 0.0 0 1.98 169.62 199.96 368.67 305.81 1.53 1.65 4.16 -5.92 2.04 12.98 1.54 9.10
Car 0.0 0 1.88 313.99 195.83 429.15 262.33 1.47 1.66 4.04 -6.02 2.09 18.56 1.56 7.21
Car 0.0 0 -1.68 661.65 176.10 711.05 213.88 1.63 1.68 3.98 3.45 1.80 33.45 -1.57 1.42
Car 0.0 0 1.76 436.25 189.82 491.78 228.33 1.48 1.65 3.86 -6.13 2.22 30.52 1.56 2.70
Car 0.0 0 1.83 386.03 192.62 466.24 243.34 1.49 1.64 3.93 -6.02 2.16 23.83 1.58 4.74
Car 0.0 0 1.74 476.00 187.68 520.16 218.70 1.51 1.60 3.77 -5.89 2.33 38.18 1.59 1.57
Car 0.0 0 2.68 800.78 153.32 952.74 205.45 1.77 1.71 4.37 9.47 1.12 26.14 3.03 2.85
Car 0.0 0 -0.49 1076.45 143.97 1175.53 179.17 1.52 1.64 3.74 24.08 0.24 33.75 0.13 0.34
Car 0.0 0 -0.36 774.51 159.34 881.10 201.05 1.68 1.68 4.23 9.21 1.15 30.79 -0.07 0.17
Car 0.0 0 -0.56 1114.75 141.55 1259.08 180.52 1.52 1.65 4.36 24.16 0.29 30.53 0.11 0.21
Car 0.0 0 -1.66 657.52 177.03 698.36 208.27 1.58 1.63 3.91 3.73 1.88 40.02 -1.57 0.09
