Car 0.0 0 -1.74 675.86 185.02 749.63 239.85 1.42 1.59 3.75 2.84 1.79 21.05 -1.60 4.66
Car 0.0 0 -0.25 729.75 175.88 842.64 223.74 1.56 1.61 3.83 6.09 1.70 25.39 -0.01 2.88
Car 0.0 0 -2.86 343.08 178.25 494.49 230.89 1.51 1.65 4.24 -5.89 1.71 22.38 -3.12 0.97
Car 0.0 0 0.40 277.07 178.94 472.60 247.35 1.52 1.62 3.98 -5.73 1.70 17.72 0.09 2.65
Car 0.0 0 -2.05 782.74 165.73 1143.25 395.79 1.70 1.63 3.80 2.90 1.70 6.90 -1.59 7.57
Car 0.0 0 -2.56 113.10 176.35 352.14 278.28 1.61 1.59 3.65 -6.83 1.70 12.78 -3.04 3.68
Car 0.0 0 -2.99 422.08 179.27 518.76 214.52 1.48 1.68 3.85 -6.26 1.81 32.45 3.10 0.17
Car 0.0 0 0.69 -11.32 181.66 281.90 344.91 1.55 1.64 4.19 -5.97 1.67 7.78 0.11 2.46
Car 0.0 0 -2.91 394.06 178.22 509.80 220.94 1.54 1.66 4.04 -6.05 1.77 27.69 -3.12 0.16
Car 0.0 0 -2.81 251.95 181.29 452.34 256.82 1.51 1.60 3.76 -5.73 1.75 16.10 3.13 0.94
Car 0.0 0 0.44 241.89 184.84 436.00 259.36 1.50 1.59 3.72 -6.10 1.82 16.23 0.08 0.79
Car 0.0 0 -3.00 465.70 179.90 543.61 208.69 1.42 1.65 4.18 -5.60 1.83 38.38 3.14 0.10
Car 0.0 0 -3.00 465.58 180.41 541.99 210.00 1.43 1.65 4.17 -5.53 1.86 37.47 3.13 0.07
