Car 0.0 0 -1.76 679.03 181.33 740.68 226.78 1.37 1.53 3.62 3.21 1.67 24.14 -1.63 3.83
Car 0.0 0 0.32 353.69 172.51 503.11 230.23 1.59 1.66 4.05 -5.46 1.62 21.67 0.08 1.88
Car 0.0 0 -2.82 278.69 177.57 462.27 245.25 1.50 1.63 3.95 -5.89 1.65 17.78 -3.14 2.85
Car 0.0 0 -1.84 737.75 175.05 930.62 302.46 1.62 1.69 3.93 3.20 1.66 11.15 -1.53 7.60
Car 0.0 0 -2.75 217.74 179.68 431.89 257.91 1.48 1.57 3.76 -5.99 1.67 15.22 -3.13 2.64
Car 0.0 0 -2.55 -36.40 183.46 300.16 310.62 1.45 1.63 4.12 -6.71 1.63 9.62 -3.14 5.93
Car 0.0 0 -3.00 448.16 175.53 545.85 211.87 1.42 1.66 4.20 -4.80 1.57 30.39 3.12 0.37
Car 0.0 0 -2.99 393.43 172.07 515.89 221.09 1.61 1.64 4.02 -5.49 1.62 25.37 3.08 0.27
Car 0.0 0 -2.11 833.73 178.51 1195.51 385.18 1.53 1.59 3.45 3.02 1.64 5.93 -1.60 3.48
Car 0.0 0 -1.79 723.24 176.96 774.34 212.54 1.49 1.58 3.51 6.08 1.69 32.38 -1.60 0.32
Car 0.0 0 -3.13 492.76 174.03 556.01 199.65 1.43 1.64 3.93 -5.20 1.53 43.55 3.04 0.14
