Car 0.0 0 -0.46 767.94 180.52 1110.49 304.74 1.51 1.67 3.88 4.42 1.66 10.13 -0.03 6.49
Car 0.0 0 -0.37 729.61 185.32 983.64 276.56 1.45 1.62 4.01 4.29 1.73 13.12 -0.04 3.56
Car 0.0 0 -2.74 119.72 173.91 336.94 252.50 1.62 1.67 3.85 -8.65 1.70 16.34 3.05 2.20
Car 0.0 0 -2.68 -45.47 182.48 285.40 289.52 1.49 1.65 4.05 -7.80 1.70 11.51 3.00 4.62
Car 0.0 0 -1.70 459.30 177.39 493.51 204.20 1.52 1.67 3.83 -8.24 1.83 44.16 -1.88 0.72
Car 0.0 0 -2.74 67.02 181.43 292.36 265.00 1.52 1.58 3.46 -8.55 1.73 14.50 3.00 1.21
Car 0.0 0 0.37 198.62 176.61 365.96 242.09 1.58 1.65 3.39 -8.67 1.72 19.12 -0.05 0.90
Car 0.0 0 1.12 1008.23 174.50 1079.36 205.67 1.44 1.64 3.91 21.59 1.57 36.22 1.66 0.12
Car 0.0 0 -2.76 182.15 177.38 357.84 245.02 1.55 1.62 3.41 -8.62 1.70 18.24 3.09 0.32
Car 0.0 0 1.70 1100.01 187.61 1160.23 225.84 1.42 1.57 3.99 21.62 2.10 30.14 2.32 0.11
