Car 0.0 0 -1.84 696.19 181.87 844.02 277.75 1.48 1.65 4.34 2.70 1.66 13.32 -1.62 8.73
Car 0.0 0 -1.72 672.84 179.08 735.76 223.93 1.40 1.59 3.89 3.13 1.63 25.03 -1.59 2.75
Car 0.0 0 0.46 258.64 183.14 461.64 248.80 1.41 1.65 4.12 -5.92 1.71 17.35 0.12 3.99
Car 0.0 0 -1.66 646.90 170.63 679.73 200.61 1.62 1.62 3.85 3.04 1.53 41.93 -1.59 0.69
Car 0.0 0 -2.57 -16.96 187.14 282.88 321.19 1.47 1.60 3.97 -6.46 1.68 9.22 3.13 2.83
Car 0.0 0 -2.97 419.65 178.91 516.13 217.14 1.39 1.59 3.74 -5.64 1.67 28.54 3.12 0.39
Car 0.0 0 0.60 62.20 176.56 350.93 291.25 1.52 1.62 4.05 -6.35 1.61 11.12 0.09 2.42
Car 0.0 0 -3.02 455.60 173.29 546.09 207.03 1.54 1.65 3.96 -5.42 1.61 35.78 3.12 0.16
Car 0.0 0 -2.83 326.27 171.29 465.10 225.08 1.65 1.66 3.95 -7.17 1.65 24.03 -3.12 0.38
Car 0.0 0 -3.02 465.21 173.21 548.85 204.54 1.56 1.68 3.99 -5.57 1.63 39.25 3.12 0.14
Car 0.0 0 -2.85 334.50 169.06 466.16 225.62 1.78 1.70 4.07 -7.17 1.70 24.69 -3.13 0.31
Car 0.0 0 -3.00 468.14 173.54 551.96 205.37 1.57 1.69 4.06 -5.41 1.66 39.00 -3.14 0.10
