Car 0.0 0 -1.71 583.24 174.35 641.47 218.73 1.49 1.63 3.65 -0.03 1.57 26.50 -1.70 3.75
Car 0.0 0 1.67 409.28 181.45 451.29 215.91 1.45 1.53 3.47 -8.20 1.87 33.06 1.43 1.70
Car 0.0 0 -2.03 750.96 171.04 1034.43 352.18 1.56 1.59 3.49 2.76 1.56 8.01 -1.65 11.73
Car 0.0 0 1.84 270.24 184.26 391.58 264.70 1.52 1.67 3.94 -6.13 1.82 16.11 1.47 3.73
Car 0.0 0 1.91 154.38 192.87 340.92 313.21 1.52 1.64 3.86 -5.57 1.87 11.38 1.44 1.20
Car 0.0 0 -1.64 560.93 175.11 598.35 206.95 1.51 1.64 3.76 -1.62 1.65 36.87 -1.68 0.73
Car 0.0 0 -1.64 560.25 175.18 597.55 206.98 1.51 1.64 3.78 -1.65 1.67 36.98 -1.68 0.60
Car 0.0 0 1.73 424.00 176.24 457.16 206.77 1.58 1.63 3.78 -9.61 1.84 40.84 1.50 0.22
Car 0.0 0 1.72 425.92 176.61 460.69 207.57 1.60 1.64 3.78 -9.44 1.86 40.84 1.50 0.21
Car 0.0 0 1.91 156.17 193.04 332.53 312.96 1.52 1.63 3.86 -5.58 1.87 11.38 1.44 0.60
