Car 0.0 0 -1.67 640.65 178.54 681.11 213.12 1.45 1.61 3.87 2.24 1.74 32.86 -1.60 1.59
Car 0.0 0 2.81 751.77 160.61 903.41 210.60 1.68 1.71 4.61 7.67 1.29 25.98 3.10 1.94
Car 0.0 0 1.90 272.92 193.07 459.13 303.40 1.47 1.68 4.34 -3.84 1.84 12.10 1.57 8.61
Car 0.0 0 1.79 420.26 187.87 503.12 246.45 1.42 1.62 3.96 -4.05 1.87 20.11 1.59 4.10
Car 0.0 0 2.15 54.02 207.28 296.19 318.87 1.43 1.56 4.05 -6.78 2.00 11.53 1.61 4.00
Car 0.0 0 -2.04 924.32 151.79 973.71 179.60 1.78 1.73 3.49 23.19 0.40 49.58 -1.60 0.41
Car 0.0 0 1.72 486.80 181.83 521.05 207.30 1.48 1.58 3.81 -6.68 2.09 45.73 1.57 0.21
Car 0.0 0 2.97 728.65 163.58 828.40 201.30 1.65 1.63 4.37 7.84 1.27 33.78 -3.09 0.11
Car 0.0 0 3.03 663.35 167.42 738.21 199.61 1.70 1.64 4.33 5.13 1.46 41.11 -3.12 0.08
Car 0.0 0 -2.04 956.78 149.35 1006.27 178.72 1.82 1.71 3.57 24.70 0.37 48.08 -1.56 0.11
Car 0.0 0 -2.08 969.31 143.38 1040.32 179.21 1.92 1.72 3.70 22.89 0.38 41.80 -1.58 0.07
