Car 0.0 0 -1.45 483.60 182.57 541.57 225.10 1.37 1.62 3.57 -3.37 1.30 25.59 -1.58 4.58
Car 0.0 0 -1.61 580.20 178.28 620.94 215.25 1.52 1.63 3.64 -0.35 1.24 31.91 -1.62 3.75
Car 0.0 0 -1.31 327.26 183.30 479.19 280.15 1.47 1.61 3.79 -3.59 1.46 13.11 -1.59 10.35
Car 0.0 0 -1.01 76.62 172.82 295.35 277.51 1.69 1.63 4.19 -7.94 1.50 13.75 -1.54 6.51
Car 0.0 0 -1.13 279.34 183.57 392.44 240.19 1.40 1.54 3.88 -7.55 1.38 20.20 -1.50 3.12
Car 0.0 0 2.22 -70.18 186.29 127.17 262.76 1.42 1.62 3.97 -12.59 1.47 15.67 1.54 1.87
Car 0.0 0 -1.47 440.18 178.27 484.35 206.64 1.42 1.49 3.65 -7.86 1.07 39.00 -1.67 0.33
Car 0.0 0 -1.44 445.40 178.28 486.00 206.47 1.42 1.48 3.52 -7.74 1.07 39.35 -1.64 0.25
Car 0.0 0 -1.48 441.50 178.39 483.30 206.28 1.43 1.50 3.77 -8.05 1.10 39.99 -1.68 0.17
Car 0.0 0 -1.50 503.08 180.88 543.03 214.18 1.48 1.61 3.78 -4.10 1.30 34.97 -1.62 0.10
