Car 0.0 0 -1.74 647.43 181.03 711.34 226.00 1.44 1.65 4.21 2.34 1.75 25.80 -1.65 3.25
Car 0.0 0 -1.86 687.11 185.87 796.31 257.99 1.41 1.55 3.46 2.77 1.72 16.22 -1.68 7.52
Car 0.0 0 -2.83 272.61 181.39 452.51 244.33 1.54 1.64 4.07 -6.61 1.82 19.47 3.13 2.73
Car 0.0 0 -2.64 82.59 188.84 377.30 289.88 1.47 1.62 3.94 -6.30 1.79 12.15 -3.12 6.82
Car 0.0 0 0.43 215.67 185.44 414.01 260.37 1.46 1.53 3.88 -6.47 1.78 15.87 0.04 2.18
Car 0.0 0 -2.94 403.01 178.17 514.71 219.16 1.50 1.69 4.12 -5.96 1.76 28.47 3.14 0.76
Car 0.0 0 0.39 357.29 184.81 487.03 228.66 1.42 1.62 4.13 -6.68 1.89 25.57 0.14 0.55
Car 0.0 0 -3.08 484.21 178.18 541.99 204.98 1.42 1.66 3.80 -5.60 1.77 41.64 3.07 0.19
Car 0.0 0 -2.93 424.42 176.74 518.15 212.17 1.54 1.67 4.11 -6.43 1.77 33.65 -3.12 0.10
Car 0.0 0 -3.07 482.85 178.01 544.64 205.29 1.44 1.65 3.88 -5.56 1.79 41.54 3.08 0.11
