Car 0.0 0 -1.66 642.25 185.33 673.35 211.11 1.43 1.56 3.68 2.79 2.20 42.98 -1.59 1.15
Car 0.0 0 -1.97 721.91 183.08 1034.73 380.55 1.64 1.66 4.11 2.44 1.77 7.91 -1.62 8.57
Car 0.0 0 -2.78 209.02 189.58 412.02 263.52 1.47 1.60 3.98 -6.56 1.88 15.99 3.11 3.95
Car 0.0 0 0.42 375.38 182.95 510.36 229.37 1.50 1.66 4.30 -5.84 1.88 25.14 0.20 1.22
Car 0.0 0 0.61 38.34 195.10 323.47 304.78 1.47 1.60 4.09 -6.63 1.82 11.15 0.08 1.31
Car 0.0 0 0.40 333.95 185.15 483.19 237.70 1.52 1.62 3.98 -6.18 1.94 22.27 0.12 0.81
Car 0.0 0 -3.06 470.86 178.49 551.06 209.92 1.58 1.71 4.24 -5.38 1.94 39.43 3.09 0.12
Car 0.0 0 -2.83 259.20 188.24 424.56 249.13 1.48 1.56 3.94 -7.14 1.91 19.22 3.09 0.58
Car 0.0 0 0.20 443.64 173.86 542.83 215.08 1.75 1.73 4.25 -5.31 1.85 32.93 0.04 0.14
Car 0.0 0 0.36 397.94 183.33 509.94 227.19 1.52 1.65 4.23 -5.84 1.94 27.02 0.15 0.12
