Car 0.0 0 -1.75 679.17 181.93 734.11 223.45 1.36 1.50 3.47 3.36 1.71 25.97 -1.62 3.49
Car 0.0 0 -1.81 730.15 175.55 874.23 279.34 1.56 1.63 3.64 3.23 1.64 12.90 -1.55 9.86
Car 0.0 0 -2.00 786.70 184.73 1071.13 364.68 1.51 1.54 3.49 3.13 1.66 7.92 -1.58 11.66
Car 0.0 0 -2.83 318.57 177.79 485.63 239.54 1.52 1.63 3.91 -5.69 1.69 19.58 -3.11 3.16
Car 0.0 0 -2.60 43.91 182.21 348.93 288.02 1.47 1.64 4.08 -6.69 1.66 11.64 -3.12 7.21
Car 0.0 0 -2.76 263.91 181.66 440.69 250.31 1.48 1.57 3.56 -6.14 1.73 17.18 -3.11 3.00
Car 0.0 0 0.35 373.56 174.81 512.93 227.56 1.56 1.67 3.99 -5.34 1.65 23.11 0.13 0.98
Car 0.0 0 -3.00 419.66 173.65 529.67 215.18 1.53 1.62 3.97 -5.33 1.59 28.38 3.10 0.23
Car 0.0 0 -1.80 714.08 176.46 776.80 219.99 1.48 1.60 3.74 4.85 1.64 26.67 -1.62 0.09
Car 0.0 0 -2.89 366.65 177.79 504.60 230.34 1.52 1.63 3.87 -5.51 1.70 22.63 -3.12 0.32
Car 0.0 0 -3.05 466.85 178.76 553.98 210.12 1.37 1.61 4.18 -4.70 1.68 34.09 3.09 0.06
