Car 0.0 0 -2.22 729.30 176.08 818.74 216.46 1.50 1.63 3.67 6.49 1.66 29.08 -2.00 2.96
Car 0.0 0 -2.80 266.84 175.46 420.38 238.80 1.57 1.59 3.66 -7.15 1.67 19.42 3.13 1.15
Car 0.0 0 0.39 327.94 175.94 466.68 230.09 1.52 1.66 3.79 -6.54 1.67 22.04 0.10 1.00
Car 0.0 0 0.65 -3.86 176.61 357.08 312.10 1.50 1.60 3.97 -5.67 1.60 9.55 0.11 4.98
Car 0.0 0 -1.70 628.28 176.40 663.17 203.37 1.44 1.56 3.57 1.97 1.67 41.25 -1.65 1.11
Car 0.0 0 -2.70 114.62 180.54 355.03 267.17 1.44 1.53 3.69 -7.03 1.63 13.46 3.10 1.33
Car 0.0 0 -2.93 412.30 171.97 508.17 208.43 1.62 1.71 4.33 -7.23 1.64 34.67 -3.14 0.34
Car 0.0 0 -2.75 249.10 175.15 420.48 243.21 1.56 1.61 3.72 -6.90 1.65 18.08 -3.11 0.47
Car 0.0 0 -2.88 350.98 166.39 481.97 225.58 1.79 1.72 4.32 -6.43 1.62 23.73 -3.14 0.36
Car 0.0 0 -2.97 421.52 175.88 510.02 207.73 1.47 1.62 4.23 -7.22 1.67 36.34 3.12 0.15
Car 0.0 0 -2.89 353.41 165.70 488.80 222.40 1.79 1.71 4.37 -6.50 1.58 24.77 -3.14 0.19
Car 0.0 0 -3.04 452.15 174.20 522.90 199.56 1.50 1.67 4.12 -7.91 1.65 46.73 3.08 0.09
Car 0.0 0 -3.05 456.71 172.42 526.42 196.52 1.53 1.70 4.09 -8.09 1.57 49.95 3.07 0.09
