Car 0.0 0 -1.71 655.52 170.66 711.08 214.19 1.55 1.64 4.03 2.75 1.50 28.33 -1.60 3.41
Car 0.0 0 -1.82 690.89 178.69 827.60 270.87 1.45 1.64 4.23 2.55 1.57 13.48 -1.61 8.85
Car 0.0 0 0.50 195.11 179.38 416.44 256.79 1.44 1.60 3.88 -6.39 1.64 15.21 0.10 2.94
Car 0.0 0 -2.60 14.38 188.23 360.10 300.64 1.44 1.57 3.97 -6.16 1.71 10.60 -3.13 4.30
Car 0.0 0 -2.72 405.99 179.27 504.79 222.41 1.37 1.59 3.82 -5.48 1.62 25.33 -2.93 1.38
Car 0.0 0 -3.01 467.49 176.26 535.64 205.31 1.43 1.62 3.62 -5.71 1.63 37.83 3.12 0.44
Car 0.0 0 -2.74 346.81 181.51 477.50 232.59 1.38 1.55 3.57 -5.94 1.67 21.43 -3.00 0.87
Car 0.0 0 -2.42 -21.31 197.23 237.87 346.48 1.42 1.59 3.94 -6.26 1.69 7.84 -3.03 2.95
Car 0.0 0 -2.99 471.85 175.59 541.82 204.03 1.45 1.65 3.80 -5.61 1.63 39.21 -3.13 0.18
Car 0.0 0 -2.92 420.44 177.07 511.64 213.11 1.41 1.54 3.50 -6.14 1.62 30.60 -3.12 0.13
