Car 0.0 0 1.77 538.13 186.36 577.96 214.16 1.51 1.68 3.85 -3.00 2.32 42.04 1.70 2.00
Car 0.0 0 1.93 293.38 194.68 451.92 288.80 1.50 1.63 3.98 -4.45 1.96 13.95 1.61 8.45
Car 0.0 0 -1.81 732.80 176.95 841.91 261.43 1.78 1.67 4.17 4.06 1.91 17.27 -1.57 3.93
Car 0.0 0 2.04 88.22 207.92 364.91 356.16 1.47 1.59 3.82 -4.65 1.95 9.34 1.55 8.87
Car 0.0 0 -1.69 703.54 184.59 755.77 224.82 1.54 1.66 3.94 4.89 2.06 30.12 -1.52 0.57
Car 0.0 0 -1.70 706.98 185.15 758.36 225.19 1.52 1.64 3.81 4.93 2.03 29.78 -1.53 0.40
Car 0.0 0 -1.73 718.73 184.61 794.57 240.46 1.55 1.54 3.44 4.43 1.94 22.35 -1.53 0.28
Car 0.0 0 -1.63 689.91 183.95 723.43 212.19 1.53 1.62 3.80 5.64 2.23 42.49 -1.49 0.20
Car 0.0 0 -1.74 715.82 185.52 795.01 240.03 1.51 1.53 3.36 4.42 1.92 22.35 -1.54 0.23
Car 0.0 0 1.77 560.81 184.59 590.78 208.63 1.59 1.60 4.06 -2.42 2.46 51.20 1.72 0.19
Car 0.0 0 -1.68 702.96 186.01 759.38 225.76 1.53 1.65 3.90 5.02 2.09 30.42 -1.51 0.14
Car 0.0 0 -1.69 703.27 185.56 754.89 224.86 1.52 1.65 3.90 4.90 2.06 30.25 -1.53 0.17
