Car 0.0 0 2.71 713.67 175.48 859.00 231.74 1.69 1.68 4.34 5.62 1.82 23.45 2.95 4.02
Car 0.0 0 -2.66 81.33 183.36 352.06 290.25 1.52 1.62 3.65 -6.36 1.74 11.72 3.12 7.15
Car 0.0 0 -3.00 436.34 177.09 528.45 213.14 1.60 1.70 4.10 -6.05 1.84 34.22 3.11 0.82
Car 0.0 0 -2.92 408.32 182.57 506.03 219.68 1.45 1.58 3.68 -6.50 1.88 30.30 -3.13 1.02
Car 0.0 0 -0.40 797.60 183.86 952.09 255.92 1.52 1.57 3.57 6.07 1.81 16.90 -0.05 1.47
Car 0.0 0 -2.01 781.94 194.98 1106.71 384.22 1.48 1.58 3.58 2.80 1.74 7.09 -1.58 5.01
Car 0.0 0 -2.83 337.99 183.01 458.45 232.34 1.45 1.52 3.68 -6.86 1.80 23.05 -3.12 0.44
Car 0.0 0 -3.01 461.61 177.37 539.09 205.99 1.58 1.67 4.13 -6.47 1.89 42.70 3.12 0.20
Car 0.0 0 0.36 259.88 174.81 452.96 257.61 1.69 1.69 4.14 -5.56 1.75 15.92 0.03 0.65
Car 0.0 0 -0.55 826.45 187.46 1031.10 268.97 1.50 1.53 3.70 6.21 1.78 14.43 -0.14 0.59
Car 0.0 0 -3.00 428.55 181.27 517.22 214.83 1.47 1.61 3.85 -6.49 1.90 34.13 3.10 0.12
Car 0.0 0 -3.00 463.31 177.10 538.71 206.98 1.56 1.64 4.09 -6.19 1.85 40.72 3.13 0.10
