Car 0.0 0 -1.74 661.89 176.57 739.49 236.86 1.65 1.68 4.09 2.60 1.79 22.00 -1.62 3.99
Car 0.0 0 -2.82 250.45 183.26 445.02 252.81 1.52 1.60 3.94 -6.23 1.81 17.39 3.11 2.10
Car 0.0 0 -2.90 308.91 184.48 470.78 243.50 1.49 1.62 4.12 -6.10 1.84 19.97 3.09 1.91
Car 0.0 0 -1.68 650.65 182.08 696.87 218.65 1.42 1.59 3.84 2.60 1.83 30.66 -1.59 0.57
Car 0.0 0 -2.87 342.23 175.61 486.06 234.05 1.73 1.71 4.22 -6.25 1.86 23.00 -3.13 0.67
Car 0.0 0 -2.91 391.88 177.27 508.52 222.83 1.64 1.69 4.11 -6.12 1.84 27.76 -3.13 0.44
Car 0.0 0 -1.66 637.00 180.66 666.46 205.85 1.46 1.58 3.62 2.54 1.98 45.02 -1.60 0.38
Car 0.0 0 -2.97 436.20 178.94 525.86 213.24 1.57 1.66 4.02 -6.42 1.91 35.85 3.14 0.09
Car 0.0 0 -3.03 474.12 177.85 537.49 205.35 1.57 1.65 3.86 -6.46 1.93 44.87 3.11 0.10
Car 0.0 0 -2.76 178.41 189.31 414.95 278.77 1.51 1.58 3.86 -5.87 1.84 13.62 3.11 0.32
Car 0.0 0 -3.00 475.10 177.32 543.75 205.03 1.58 1.64 3.89 -6.27 1.92 44.77 -3.14 0.08
Car 0.0 0 -2.92 401.31 179.78 506.83 223.58 1.55 1.64 4.01 -6.04 1.86 27.76 -3.13 0.10
Car 0.0 0 -2.68 165.46 190.33 397.38 282.03 1.49 1.54 3.71 -5.94 1.84 13.22 -3.11 0.37
Car 0.0 0 -1.64 640.51 180.83 676.59 208.80 1.48 1.59 3.75 2.76 1.97 41.60 -1.57 0.09
Car 0.0 0 -2.85 359.89 177.59 495.61 230.07 1.66 1.69 4.20 -6.21 1.86 24.75 -3.10 0.15
