Car 0.0 0 1.75 441.53 178.55 505.12 225.12 1.44 1.61 3.70 -4.69 1.67 24.94 1.56 4.44
Car 0.0 0 -1.73 673.42 177.24 756.55 242.58 1.53 1.60 3.71 2.62 1.65 18.98 -1.58 6.38
Car 0.0 0 -1.86 739.09 180.44 911.23 303.94 1.53 1.58 3.59 3.01 1.66 10.93 -1.57 10.82
Car 0.0 0 0.48 201.66 174.72 354.91 232.82 1.54 1.62 3.94 -9.73 1.65 21.15 0.04 2.43
Car 0.0 0 -2.03 797.38 185.82 1165.12 384.97 1.46 1.54 3.52 2.86 1.65 6.60 -1.55 8.74
Car 0.0 0 -1.65 648.84 174.87 690.06 210.43 1.55 1.60 3.75 2.72 1.67 33.80 -1.57 1.95
Car 0.0 0 -1.68 663.63 174.94 721.99 224.78 1.57 1.54 3.39 2.76 1.66 24.91 -1.57 1.67
Car 0.0 0 1.74 468.52 171.78 522.83 215.42 1.76 1.61 3.86 -4.94 1.74 31.50 1.59 0.89
Car 0.0 0 2.14 -0.80 191.69 321.22 381.56 1.50 1.65 3.85 -4.41 1.74 6.96 1.58 4.91
Car 0.0 0 1.71 495.61 172.79 539.35 208.56 1.68 1.62 3.86 -4.72 1.72 36.96 1.59 0.28
