Car 0.0 0 -1.81 723.22 179.93 842.05 254.99 1.45 1.65 4.04 3.66 1.62 16.11 -1.58 7.92
Car 0.0 0 -1.73 704.56 177.13 777.63 232.38 1.49 1.68 3.87 3.81 1.63 21.71 -1.55 4.00
Car 0.0 0 1.75 509.85 178.60 552.43 209.57 1.55 1.63 3.77 -4.18 1.87 38.51 1.64 1.96
Car 0.0 0 1.84 406.46 184.69 495.55 239.17 1.45 1.64 4.05 -4.74 1.84 21.83 1.63 4.62
Car 0.0 0 1.88 329.35 186.97 458.36 266.07 1.52 1.63 3.91 -4.73 1.86 16.19 1.59 8.24
Car 0.0 0 2.03 119.09 195.04 382.76 330.04 1.51 1.64 4.04 -4.86 1.85 10.39 1.56 10.29
Car 0.0 0 -1.90 772.64 182.73 975.45 305.22 1.49 1.61 3.66 3.73 1.64 10.71 -1.55 10.71
Car 0.0 0 -2.10 916.11 172.12 985.95 203.35 1.45 1.54 3.41 16.85 1.44 35.88 -1.66 0.85
Car 0.0 0 -2.14 975.44 169.28 1075.99 211.54 1.57 1.67 3.61 16.60 1.46 28.99 -1.62 0.81
Car 0.0 0 -1.68 691.76 176.30 750.71 218.85 1.52 1.65 3.61 4.30 1.67 28.33 -1.53 0.23
Car 0.0 0 -1.66 683.26 175.52 732.55 212.06 1.51 1.66 3.88 4.37 1.67 32.55 -1.53 0.29
Car 0.0 0 1.71 529.16 176.84 562.52 203.33 1.54 1.65 4.14 -4.06 1.86 45.46 1.62 0.18
Car 0.0 0 -1.70 694.09 177.39 760.58 221.83 1.52 1.65 3.62 4.34 1.69 27.10 -1.53 0.11
Car 0.0 0 1.71 527.57 176.81 561.78 203.27 1.55 1.64 4.11 -4.09 1.83 45.55 1.62 0.13
