Car 0.0 0 -1.80 693.26 184.06 806.57 264.85 1.45 1.63 4.24 2.71 1.69 15.04 -1.61 7.90
Car 0.0 0 -1.72 671.60 178.30 732.27 224.99 1.41 1.58 3.93 2.99 1.63 24.54 -1.59 2.65
Car 0.0 0 1.65 554.15 176.61 586.84 203.77 1.41 1.54 3.39 -2.22 1.65 40.32 1.59 1.28
Car 0.0 0 0.38 333.61 176.58 496.86 231.48 1.44 1.67 4.17 -5.57 1.58 20.81 0.12 3.18
Car 0.0 0 -3.06 387.71 174.32 512.91 217.27 1.49 1.68 4.28 -5.90 1.57 26.90 3.00 0.84
Car 0.0 0 -2.80 251.15 173.31 439.56 244.98 1.54 1.61 3.87 -6.08 1.58 16.73 3.14 2.36
Car 0.0 0 0.71 -20.57 174.88 323.08 322.26 1.50 1.62 4.29 -5.96 1.60 8.60 0.15 3.66
Car 0.0 0 -1.65 647.61 172.77 681.88 200.73 1.48 1.56 3.70 3.11 1.52 41.84 -1.58 0.34
Car 0.0 0 -3.14 479.68 174.31 557.08 202.54 1.48 1.69 4.18 -5.19 1.59 40.43 3.02 0.09
Car 0.0 0 -1.65 648.39 172.03 679.47 200.42 1.52 1.56 3.64 3.08 1.52 41.95 -1.58 0.20
Car 0.0 0 0.39 212.07 169.28 434.81 253.23 1.62 1.67 4.02 -5.93 1.60 15.15 0.01 0.78
