Car 0.0 0 -1.66 636.42 180.14 668.47 207.27 1.39 1.59 3.66 2.30 1.82 40.06 -1.60 1.19
Car 0.0 0 -0.39 761.60 181.60 907.25 238.22 1.46 1.55 3.67 6.17 1.75 20.25 -0.09 1.20
Car 0.0 0 -2.96 328.32 173.56 481.74 231.71 1.67 1.72 4.33 -6.32 1.73 22.27 3.05 1.36
Car 0.0 0 -0.55 828.45 174.61 1074.23 264.98 1.58 1.66 4.29 6.47 1.62 13.88 -0.10 2.32
Car 0.0 0 -2.79 188.46 181.21 423.11 255.80 1.45 1.61 4.18 -6.55 1.68 15.69 3.09 3.01
Car 0.0 0 -1.91 750.80 189.09 992.96 349.34 1.48 1.63 3.75 2.75 1.69 8.59 -1.56 7.22
Car 0.0 0 -0.18 712.69 177.05 827.90 221.64 1.55 1.67 4.15 5.92 1.73 27.06 0.04 0.74
Car 0.0 0 -2.62 53.50 178.37 378.40 293.73 1.51 1.61 4.03 -5.97 1.64 10.96 -3.12 4.77
Car 0.0 0 -2.80 276.39 179.13 438.27 239.18 1.51 1.59 3.50 -6.88 1.69 19.77 -3.14 0.47
Car 0.0 0 -2.77 295.08 176.77 458.59 236.65 1.57 1.62 3.91 -6.62 1.73 20.59 -3.09 0.51
Car 0.0 0 0.63 -40.25 177.55 266.56 334.41 1.53 1.59 3.84 -5.96 1.58 7.89 0.03 1.33
Car 0.0 0 -2.98 402.13 178.41 517.09 217.03 1.41 1.60 4.08 -5.91 1.65 28.41 3.10 0.38
Car 0.0 0 -2.75 122.95 180.39 383.18 268.65 1.47 1.58 3.81 -6.53 1.66 13.38 3.08 1.02
Car 0.0 0 -0.17 725.86 180.50 847.04 226.84 1.43 1.62 4.07 5.77 1.72 24.05 0.07 0.36
Car 0.0 0 0.62 12.38 176.05 293.94 319.59 1.54 1.55 3.71 -5.95 1.58 8.71 0.05 0.75
Car 0.0 0 0.24 442.58 178.57 530.55 208.81 1.39 1.61 4.19 -6.10 1.72 35.70 0.07 0.11
Car 0.0 0 -0.46 781.68 176.36 1009.26 248.09 1.59 1.62 3.90 6.73 1.69 17.21 -0.08 0.36
Car 0.0 0 -2.80 275.76 178.57 436.85 240.22 1.52 1.60 3.70 -6.90 1.69 19.50 -3.13 0.18
Car 0.0 0 0.22 467.17 177.99 540.21 203.72 1.41 1.60 4.06 -6.24 1.77 42.77 0.07 0.09
Car 0.0 0 -0.42 769.13 181.53 925.05 243.16 1.47 1.57 3.63 6.09 1.73 18.72 -0.10 0.22
Car 0.0 0 0.54 31.10 176.92 331.29 302.74 1.52 1.58 3.78 -6.12 1.58 9.86 0.01 0.56
