Car 0.0 0 -1.77 669.29 173.70 769.02 249.42 1.67 1.72 4.28 2.57 1.72 18.17 -1.62 4.96
Car 0.0 0 -2.83 233.27 181.94 438.64 256.30 1.50 1.57 3.95 -6.11 1.74 16.27 3.09 3.30
Car 0.0 0 -2.86 289.66 177.31 455.38 241.32 1.57 1.59 3.87 -6.30 1.71 19.21 3.10 1.24
Car 0.0 0 -1.70 656.88 180.40 711.45 224.00 1.40 1.60 3.82 2.51 1.70 25.77 -1.59 0.90
Car 0.0 0 -2.73 125.43 180.06 393.83 271.47 1.51 1.60 3.87 -6.47 1.71 13.51 3.11 3.41
Car 0.0 0 -2.84 334.77 173.56 481.27 229.90 1.62 1.67 4.00 -6.25 1.67 22.36 -3.12 1.00
Car 0.0 0 -1.66 637.97 179.25 669.16 205.87 1.43 1.56 3.58 2.46 1.83 41.73 -1.60 0.48
Car 0.0 0 -2.93 386.92 171.63 509.45 217.43 1.64 1.70 4.19 -6.26 1.63 27.88 3.14 0.20
Car 0.0 0 -1.68 650.96 180.59 697.13 217.50 1.44 1.64 4.02 2.63 1.79 30.82 -1.59 0.18
Car 0.0 0 -3.03 435.12 176.84 520.60 207.63 1.50 1.64 3.70 -7.00 1.76 38.37 3.08 0.14
Car 0.0 0 -3.00 463.25 173.32 536.88 203.69 1.62 1.66 3.80 -6.29 1.69 41.52 3.14 0.11
Car 0.0 0 -2.95 393.58 173.52 505.77 218.03 1.56 1.65 4.05 -6.24 1.63 27.79 3.11 0.08
Car 0.0 0 -2.91 364.90 175.47 495.88 226.34 1.58 1.66 3.95 -6.06 1.70 24.32 3.13 0.14
Car 0.0 0 -3.00 466.59 173.45 541.20 203.88 1.61 1.66 3.85 -6.09 1.70 41.40 3.14 0.07
