Car 0.0 0 -1.72 631.10 179.83 685.00 221.07 1.43 1.63 4.00 1.71 1.72 27.51 -1.65 3.18
Car 0.0 0 -2.79 331.74 178.66 468.16 227.80 1.47 1.57 3.83 -6.83 1.69 23.39 -3.07 0.82
Car 0.0 0 -0.44 791.48 188.87 1075.49 281.69 1.43 1.62 4.31 5.41 1.74 12.66 -0.02 4.19
Car 0.0 0 2.52 866.61 179.72 1178.47 310.45 1.54 1.65 4.15 5.69 1.69 9.90 3.04 4.61
Car 0.0 0 -2.77 307.23 178.73 447.18 234.64 1.48 1.58 3.70 -6.71 1.68 20.70 -3.08 0.79
Car 0.0 0 -1.67 612.40 174.99 646.26 203.13 1.51 1.61 3.93 1.06 1.68 42.18 -1.64 0.49
Car 0.0 0 -2.95 421.14 177.95 503.81 210.87 1.45 1.58 3.81 -6.97 1.72 34.05 3.13 0.16
Car 0.0 0 0.59 20.25 155.19 319.80 292.64 1.70 1.68 4.13 -6.46 1.50 10.06 0.05 1.84
Car 0.0 0 -2.89 383.97 177.96 493.27 217.53 1.44 1.54 3.88 -6.78 1.68 28.35 -3.12 0.16
Car 0.0 0 -2.59 -52.09 158.49 262.66 333.83 1.63 1.68 4.19 -6.29 1.57 7.66 3.08 1.73
Car 0.0 0 0.61 36.50 153.97 326.90 292.37 1.70 1.67 4.13 -6.34 1.50 10.08 0.08 1.07
Car 0.0 0 -2.84 361.49 179.30 480.29 224.99 1.45 1.56 3.77 -6.47 1.68 24.74 -3.10 0.24
Car 0.0 0 -3.00 441.20 179.78 512.04 207.98 1.43 1.58 3.79 -7.30 1.85 39.56 3.10 0.09
