Car 0.0 0 1.88 307.51 187.61 431.55 261.61 1.54 1.67 4.04 -5.70 1.92 17.47 1.56 7.24
Car 0.0 0 1.81 387.08 186.21 469.94 237.33 1.45 1.63 3.93 -5.77 1.91 23.30 1.57 4.92
Car 0.0 0 1.75 434.69 183.05 494.10 225.12 1.49 1.68 3.96 -5.68 1.91 28.42 1.55 2.59
Car 0.0 0 1.71 469.28 181.98 514.10 214.65 1.47 1.65 3.85 -5.80 1.96 35.53 1.55 1.49
Car 0.0 0 2.73 771.45 152.95 894.13 194.38 1.74 1.73 4.42 9.71 0.91 31.93 3.03 1.18
Car 0.0 0 -0.12 660.04 171.42 713.08 202.26 1.61 1.66 3.78 4.27 1.58 40.69 -0.01 0.27
Car 0.0 0 -1.70 665.59 171.61 713.39 203.39 1.59 1.65 3.70 4.23 1.57 39.07 -1.59 0.22
Car 0.0 0 -0.59 1106.82 132.73 1261.56 174.91 1.56 1.65 4.11 22.39 0.04 28.48 0.08 0.71
Car 0.0 0 2.18 1077.04 135.92 1199.68 173.57 1.50 1.63 3.98 22.43 0.00 30.89 2.82 0.34
Car 0.0 0 1.73 496.80 179.07 535.39 207.99 1.53 1.64 3.87 -5.41 1.94 41.81 1.60 0.19
Car 0.0 0 -0.34 751.62 156.86 852.77 192.20 1.67 1.71 4.51 9.51 0.92 36.01 -0.08 0.11
