Car 0.0 0 -1.83 699.78 188.16 818.55 269.51 1.44 1.62 3.74 2.86 1.77 14.88 -1.63 5.95
Car 0.0 0 2.83 748.77 186.27 893.10 235.58 1.46 1.62 4.20 6.65 1.93 23.16 3.11 2.88
Car 0.0 0 -2.83 271.97 177.35 451.63 242.80 1.56 1.64 3.95 -6.30 1.69 18.49 3.13 2.57
Car 0.0 0 0.48 111.22 180.55 412.24 281.11 1.53 1.63 3.82 -6.04 1.72 12.55 0.03 3.47
Car 0.0 0 0.38 203.00 174.83 416.07 264.37 1.60 1.61 3.78 -5.95 1.70 14.42 -0.02 2.05
Car 0.0 0 0.69 -57.05 182.52 266.99 347.20 1.49 1.63 4.11 -6.08 1.63 7.65 0.08 4.06
Car 0.0 0 -3.06 450.17 178.28 533.37 207.00 1.48 1.65 3.99 -6.50 1.81 39.74 3.06 0.31
Car 0.0 0 -2.65 -25.00 184.40 310.14 308.72 1.49 1.57 3.83 -6.47 1.67 9.86 3.05 2.39
Car 0.0 0 0.46 152.85 169.17 408.61 277.48 1.65 1.64 3.87 -5.67 1.66 12.52 0.03 2.30
Car 0.0 0 -2.83 358.51 178.42 506.14 232.93 1.53 1.66 4.12 -5.39 1.72 21.77 -3.07 0.65
Car 0.0 0 2.90 697.28 180.25 792.06 215.84 1.47 1.62 4.04 5.93 1.85 32.07 3.09 0.21
Car 0.0 0 -3.08 459.91 177.10 540.76 205.73 1.53 1.68 4.11 -6.26 1.81 41.44 3.05 0.16
Car 0.0 0 0.24 421.32 180.28 504.63 212.77 1.44 1.57 3.84 -7.08 1.83 34.52 0.04 0.14
Car 0.0 0 -2.65 -36.36 185.54 298.40 311.32 1.50 1.57 3.84 -6.51 1.70 9.82 3.04 1.31
Car 0.0 0 0.37 209.11 179.64 418.12 265.95 1.55 1.57 3.87 -5.90 1.73 14.52 -0.02 0.98
Car 0.0 0 2.77 694.84 180.08 812.98 219.88 1.55 1.70 4.36 5.98 1.88 30.21 2.97 0.11
