Car 0.0 0 1.48 648.82 175.30 688.84 208.48 1.44 1.58 3.67 2.73 1.58 34.27 1.56 1.31
Car 0.0 0 -1.86 717.19 184.99 916.05 310.60 1.47 1.64 4.07 2.70 1.66 10.59 -1.58 8.59
Car 0.0 0 -1.78 674.21 169.24 753.89 239.55 1.71 1.62 3.79 2.68 1.64 19.66 -1.64 4.22
Car 0.0 0 0.35 402.27 170.58 519.35 212.34 1.53 1.67 4.36 -5.88 1.47 28.29 0.15 0.92
Car 0.0 0 -2.85 318.13 169.36 472.52 233.53 1.59 1.62 3.87 -5.86 1.53 19.63 -3.14 1.15
Car 0.0 0 -3.00 424.64 171.73 528.53 208.68 1.49 1.66 4.31 -5.81 1.48 31.46 3.10 0.31
Car 0.0 0 -2.69 234.27 173.90 431.20 265.36 1.56 1.62 3.72 -5.32 1.60 13.88 -3.05 2.08
Car 0.0 0 -2.76 278.76 176.63 439.87 250.01 1.49 1.57 3.73 -5.76 1.60 16.43 -3.10 0.98
Car 0.0 0 -3.02 448.50 170.33 533.70 202.81 1.55 1.68 4.09 -6.15 1.46 37.33 3.10 0.18
Car 0.0 0 -3.01 440.91 169.98 532.67 204.93 1.54 1.68 4.18 -5.98 1.46 34.80 3.11 0.13
Car 0.0 0 0.22 356.89 170.04 493.56 226.01 1.65 1.65 4.05 -5.91 1.58 22.93 -0.03 0.22
