Car 0.0 0 -1.77 701.56 176.65 804.16 246.82 1.56 1.66 4.09 3.40 1.67 18.11 -1.58 6.52
Car 0.0 0 1.85 378.18 190.34 469.46 242.36 1.46 1.70 4.17 -5.81 2.04 22.85 1.60 4.76
Car 0.0 0 1.93 242.33 196.19 396.51 277.51 1.47 1.67 4.21 -6.13 2.01 15.66 1.55 7.64
Car 0.0 0 -1.71 678.99 177.10 752.57 228.91 1.55 1.66 3.83 3.35 1.69 23.67 -1.56 2.85
Car 0.0 0 -1.67 662.03 179.06 717.69 214.12 1.52 1.65 3.80 3.61 1.83 33.45 -1.56 1.22
Car 0.0 0 1.79 434.15 186.31 494.91 227.48 1.51 1.60 3.87 -5.84 2.07 29.24 1.59 1.66
Car 0.0 0 2.12 -15.12 207.42 275.11 357.88 1.50 1.59 3.90 -5.98 1.99 9.41 1.54 7.07
Car 0.0 0 1.76 482.36 185.30 525.71 213.56 1.47 1.52 3.76 -5.92 2.20 40.55 1.61 0.71
Car 0.0 0 2.47 1040.98 129.78 1334.12 239.48 1.62 1.69 4.04 9.98 1.02 12.08 -3.14 2.95
Car 0.0 0 2.68 938.51 146.01 1126.33 221.65 1.69 1.65 3.88 9.95 1.11 17.25 -3.08 0.71
Car 0.0 0 -1.70 680.54 176.74 755.91 229.04 1.58 1.66 3.91 3.48 1.74 23.95 -1.55 0.37
Car 0.0 0 -1.67 652.54 178.61 686.65 208.55 1.54 1.63 3.69 3.30 1.91 40.68 -1.59 0.10
Car 0.0 0 2.75 871.25 154.73 1005.44 211.10 1.67 1.67 3.93 10.16 1.16 22.66 -3.10 0.12
Car 0.0 0 -0.42 1005.92 138.01 1222.24 229.09 1.68 1.63 3.80 9.94 1.04 14.35 0.19 0.33
Car 0.0 0 -1.68 657.35 179.41 714.06 212.17 1.53 1.65 3.90 3.79 1.89 36.53 -1.57 0.09
