Car 0.0 0 -1.75 642.85 178.62 711.99 232.41 1.54 1.59 3.99 1.99 1.74 22.91 -1.65 3.84
Car 0.0 0 1.72 466.20 184.59 538.02 241.96 1.46 1.57 3.59 -3.03 1.81 20.65 1.58 4.27
Car 0.0 0 -2.62 18.33 181.63 338.65 288.25 1.49 1.61 4.04 -6.93 1.66 11.41 3.12 3.52
Car 0.0 0 -2.80 365.92 180.41 486.80 221.47 1.48 1.68 4.16 -6.99 1.80 27.57 -3.05 0.52
Car 0.0 0 0.73 -24.48 186.14 256.18 324.45 1.50 1.61 4.19 -6.76 1.66 8.87 0.13 1.89
Car 0.0 0 -2.08 786.22 201.19 1259.57 390.63 1.38 1.60 3.59 2.68 1.71 5.68 -1.56 3.40
Car 0.0 0 -2.70 137.66 184.75 334.30 265.50 1.45 1.54 3.70 -7.55 1.72 14.44 3.10 0.93
Car 0.0 0 -2.97 398.32 179.34 505.94 219.88 1.50 1.72 4.36 -6.21 1.77 28.17 3.10 0.16
Car 0.0 0 1.44 606.44 172.75 635.33 198.78 1.71 1.60 3.92 0.72 1.75 51.15 1.46 0.21
Car 0.0 0 -1.72 634.80 178.81 688.96 221.07 1.55 1.61 3.94 1.97 1.81 29.26 -1.65 0.10
