Car 0.0 0 1.80 450.36 179.62 511.64 223.37 1.53 1.59 3.63 -4.89 1.81 27.58 1.62 4.30
Car 0.0 0 -1.79 723.78 179.28 834.52 256.10 1.51 1.64 3.76 3.64 1.67 16.25 -1.56 8.87
Car 0.0 0 -1.75 699.00 178.06 774.52 232.46 1.48 1.67 3.93 3.72 1.66 21.97 -1.57 4.77
Car 0.0 0 2.04 144.29 197.61 380.88 321.25 1.44 1.61 3.95 -4.92 1.84 10.77 1.59 9.29
Car 0.0 0 -1.88 765.25 182.84 967.29 306.73 1.49 1.64 4.09 3.49 1.65 10.73 -1.54 10.91
Car 0.0 0 1.74 485.94 177.94 532.50 214.25 1.59 1.62 3.97 -4.74 1.85 34.15 1.60 1.97
Car 0.0 0 -1.66 693.60 177.87 746.09 219.24 1.46 1.65 3.77 4.17 1.67 27.95 -1.51 0.88
Car 0.0 0 -2.17 859.74 187.55 1197.27 369.37 1.48 1.59 3.69 3.51 1.67 5.95 -1.65 2.57
Car 0.0 0 -2.24 1108.60 172.50 1269.05 231.38 1.49 1.62 4.09 16.38 1.52 20.45 -1.56 0.13
Car 0.0 0 -2.15 1007.30 173.04 1117.24 204.39 1.45 1.61 4.23 23.20 1.55 37.14 -1.59 0.05
