Car 0.0 0 -1.82 753.12 189.08 912.88 287.83 1.44 1.61 4.10 3.65 1.73 12.62 -1.52 10.24
Car 0.0 0 -1.74 721.28 183.14 813.01 247.65 1.45 1.63 3.91 3.85 1.72 18.43 -1.53 6.74
Car 0.0 0 1.77 473.38 182.46 536.64 227.99 1.54 1.72 3.81 -3.84 1.92 26.88 1.63 3.30
Car 0.0 0 1.76 504.41 182.00 557.02 217.96 1.51 1.72 4.24 -3.59 1.96 33.31 1.65 1.17
Car 0.0 0 2.67 984.26 171.18 1209.21 235.52 1.54 1.48 4.46 12.50 1.53 18.80 -3.02 0.37
Car 0.0 0 -1.58 689.04 175.27 718.77 203.25 1.57 1.65 3.44 5.59 1.74 43.19 -1.45 0.78
Car 0.0 0 1.72 536.07 183.24 576.09 210.68 1.43 1.66 4.09 -3.05 2.07 41.18 1.65 0.62
Car 0.0 0 1.78 474.98 182.08 536.47 228.22 1.55 1.71 3.80 -3.82 1.92 26.79 1.64 0.65
Car 0.0 0 2.11 1130.07 172.01 1326.10 245.41 1.50 1.52 3.99 14.18 1.53 16.61 2.82 0.15
Car 0.0 0 2.68 992.27 169.83 1180.54 223.71 1.57 1.56 4.41 14.96 1.55 22.84 -3.02 0.10
