Car 0.0 0 -1.71 658.86 175.38 722.99 223.64 1.40 1.62 3.97 2.49 1.51 23.40 -1.59 4.59
Car 0.0 0 0.46 258.69 172.22 448.56 243.29 1.50 1.57 3.87 -5.99 1.54 16.98 0.12 2.32
Car 0.0 0 0.37 375.65 171.05 506.34 217.72 1.50 1.69 4.09 -5.87 1.47 24.93 0.14 1.63
Car 0.0 0 -2.56 9.82 175.56 333.18 289.23 1.45 1.56 3.96 -6.51 1.55 10.64 -3.10 5.08
Car 0.0 0 0.45 171.17 173.35 386.22 259.56 1.50 1.58 3.76 -6.30 1.56 13.83 0.02 1.97
Car 0.0 0 0.64 -41.88 164.55 260.80 320.85 1.51 1.65 4.17 -6.38 1.48 8.15 0.03 4.15
Car 0.0 0 -3.01 452.73 172.06 530.82 203.71 1.48 1.60 3.76 -5.99 1.49 36.56 3.11 0.09
Car 0.0 0 0.38 309.02 173.73 458.41 236.14 1.52 1.57 3.72 -5.99 1.56 19.15 0.08 0.25
Car 0.0 0 -3.06 464.76 170.82 546.40 199.75 1.48 1.66 3.92 -5.73 1.42 40.03 3.08 0.11
Car 0.0 0 -1.66 732.43 175.97 840.66 254.31 1.56 1.58 3.63 3.95 1.65 16.52 -1.41 0.15
