Car 0.0 0 -1.72 664.40 175.79 734.70 227.59 1.38 1.59 3.84 2.54 1.49 21.62 -1.59 5.23
Car 0.0 0 0.93 221.48 171.80 432.45 251.17 1.48 1.56 3.80 -5.99 1.52 15.29 0.56 2.82
Car 0.0 0 -0.19 730.30 172.88 802.85 215.53 1.53 1.61 3.74 5.91 1.55 27.83 0.02 0.88
Car 0.0 0 0.41 360.77 171.54 501.00 220.09 1.45 1.67 4.12 -5.84 1.45 23.52 0.17 2.34
Car 0.0 0 -2.58 -12.25 180.23 254.54 314.38 1.46 1.58 4.00 -6.54 1.55 8.85 3.11 2.10
Car 0.0 0 0.99 267.98 173.49 431.79 241.45 1.49 1.54 3.60 -6.40 1.54 17.68 0.64 0.46
Car 0.0 0 -3.03 457.55 171.12 537.35 200.25 1.41 1.62 3.85 -5.91 1.37 37.89 3.10 0.20
Car 0.0 0 0.43 328.01 171.21 464.47 225.87 1.52 1.60 3.69 -6.45 1.51 21.67 0.15 0.42
Car 0.0 0 -2.57 -4.72 181.38 297.70 306.69 1.42 1.54 3.98 -6.29 1.54 9.47 -3.14 1.46
Car 0.0 0 0.58 73.52 177.06 308.68 283.72 1.46 1.53 3.70 -6.81 1.56 11.36 0.05 0.77
Car 0.0 0 -2.93 428.93 171.95 520.46 208.83 1.47 1.56 3.66 -5.88 1.47 31.04 -3.11 0.11
Car 0.0 0 -3.03 464.04 170.31 544.45 199.49 1.45 1.63 3.88 -5.65 1.38 39.00 3.11 0.13
Car 0.0 0 0.53 114.04 175.95 389.20 271.72 1.48 1.57 3.81 -6.17 1.58 12.54 0.07 0.69
Car 0.0 0 -1.64 692.61 171.17 739.94 209.15 1.55 1.65 3.76 4.63 1.51 32.16 -1.50 0.18
Car 0.0 0 -2.56 10.92 179.30 309.81 310.17 1.45 1.56 3.91 -6.13 1.56 9.28 -3.12 1.10
