Car 0.0 0 -1.73 665.43 184.68 725.50 231.00 1.41 1.60 3.66 2.74 1.82 24.26 -1.61 5.41
Car 0.0 0 -1.68 644.49 178.87 684.91 214.11 1.54 1.59 3.66 2.50 1.86 34.00 -1.60 1.73
Car 0.0 0 -2.76 192.12 176.27 421.48 260.34 1.55 1.63 3.95 -6.20 1.67 14.93 3.13 5.05
Car 0.0 0 -1.84 716.56 186.15 869.16 294.26 1.54 1.58 3.57 2.87 1.78 12.22 -1.59 9.39
Car 0.0 0 0.37 328.46 180.28 481.57 231.42 1.45 1.67 3.99 -6.40 1.74 22.48 0.10 2.72
Car 0.0 0 -2.06 777.60 200.21 1125.37 386.00 1.46 1.60 3.70 2.82 1.78 6.95 -1.62 7.40
Car 0.0 0 -2.93 389.70 172.20 513.34 221.97 1.79 1.69 4.06 -6.06 1.79 27.64 3.13 1.63
Car 0.0 0 0.49 110.47 165.62 379.63 281.34 1.69 1.63 3.67 -5.98 1.64 11.82 0.02 3.62
Car 0.0 0 0.64 -65.34 154.43 315.00 335.28 1.67 1.68 4.12 -5.69 1.58 7.67 0.05 3.88
Car 0.0 0 -3.05 444.36 180.26 526.89 214.83 1.47 1.61 3.85 -5.78 1.84 33.27 3.06 0.17
Car 0.0 0 -3.06 499.46 178.90 548.49 206.77 1.50 1.60 3.57 -5.00 1.89 41.68 3.11 0.29
Car 0.0 0 -2.82 225.26 177.94 427.68 252.97 1.53 1.58 3.86 -6.38 1.69 16.39 3.09 0.64
Car 0.0 0 -1.65 639.38 177.50 670.55 208.11 1.59 1.63 3.81 2.47 1.89 40.95 -1.58 0.11
