Car 0.0 0 2.03 156.51 197.74 362.99 300.52 1.45 1.56 3.86 -5.91 1.93 12.64 1.58 9.06
Car 0.0 0 -1.86 733.70 176.09 931.73 304.55 1.55 1.69 4.07 3.00 1.61 10.78 -1.56 11.65
Car 0.0 0 1.80 417.99 179.99 485.09 226.44 1.54 1.65 4.07 -5.84 1.85 26.89 1.58 2.63
Car 0.0 0 1.82 356.64 175.80 455.77 244.07 1.77 1.74 4.28 -5.85 1.88 21.01 1.55 3.66
Car 0.0 0 3.04 692.15 168.08 762.99 195.21 1.71 1.73 4.68 7.80 1.46 48.17 -3.08 0.21
Car 0.0 0 1.74 469.78 182.25 516.19 215.18 1.46 1.51 3.82 -5.68 1.95 35.23 1.58 0.28
Car 0.0 0 3.06 696.63 168.29 775.59 197.70 1.67 1.72 4.58 7.55 1.44 43.93 -3.05 0.11
Car 0.0 0 1.70 550.17 177.67 580.30 201.13 1.56 1.66 3.96 -3.21 1.94 51.70 1.64 0.17
Car 0.0 0 2.28 -6.61 205.27 219.63 381.75 1.50 1.64 3.75 -5.87 1.88 7.30 1.67 0.85
Car 0.0 0 1.76 465.42 181.63 516.02 216.06 1.46 1.52 3.76 -5.59 1.92 33.91 1.60 0.16
