Car 0.0 0 1.31 607.27 181.00 687.42 234.12 1.47 1.59 4.13 0.99 1.73 22.27 1.36 2.18
Car 0.0 0 -1.96 141.28 202.72 280.86 267.69 1.42 1.57 3.66 -10.07 2.17 17.87 -2.47 4.29
Car 0.0 0 1.55 532.74 180.43 591.47 232.08 1.56 1.59 3.50 -1.63 1.83 23.91 1.49 0.73
Car 0.0 0 2.15 201.36 183.00 301.24 225.00 1.54 1.73 4.38 -14.47 1.98 29.18 1.69 0.34
Car 0.0 0 -2.11 298.21 167.47 542.86 295.56 1.78 1.74 4.56 -3.42 1.72 12.13 -2.37 0.96
Car 0.0 0 -0.47 677.39 174.65 787.49 218.56 1.52 1.62 4.15 4.46 1.63 26.82 -0.30 0.10
Car 0.0 0 -1.71 -15.90 197.76 55.42 239.50 1.41 1.65 3.78 -22.38 2.39 27.36 -2.39 0.12
Car 0.0 0 -2.12 281.87 169.70 538.09 296.23 1.78 1.75 4.57 -3.48 1.73 12.15 -2.39 0.74
Car 0.0 0 -1.74 403.72 172.51 528.10 260.16 1.71 1.76 4.44 -3.36 1.76 16.50 -1.93 0.33
Car 0.0 0 -1.60 585.79 178.74 632.49 217.25 1.53 1.56 3.82 -0.10 1.82 31.37 -1.60 0.20
