Car 0.0 0 -1.67 654.65 178.03 691.13 207.51 1.42 1.60 3.72 3.22 1.71 37.59 -1.58 1.75
Car 0.0 0 -2.70 98.91 186.97 379.71 283.11 1.46 1.61 3.93 -6.35 1.76 12.58 3.11 6.26
Car 0.0 0 0.34 325.35 178.99 490.01 238.36 1.51 1.63 4.11 -5.49 1.71 19.83 0.06 1.59
Car 0.0 0 0.38 357.46 176.73 509.45 228.82 1.47 1.62 4.17 -5.41 1.64 22.20 0.14 1.06
Car 0.0 0 -2.76 195.14 183.18 388.55 257.09 1.48 1.54 3.86 -6.99 1.74 16.01 3.11 0.93
Car 0.0 0 -1.66 653.97 177.77 691.31 207.20 1.42 1.62 3.72 3.23 1.71 37.68 -1.58 0.58
Car 0.0 0 0.16 469.88 172.18 557.22 204.34 1.51 1.65 3.96 -4.92 1.52 36.89 0.03 0.15
Car 0.0 0 0.23 401.42 175.09 516.12 221.60 1.54 1.61 3.76 -5.37 1.66 25.67 0.02 0.20
Car 0.0 0 0.19 440.78 165.82 552.04 212.76 1.76 1.71 4.20 -4.55 1.52 28.97 0.03 0.28
Car 0.0 0 1.51 638.55 169.98 667.74 197.71 1.69 1.63 3.86 2.77 1.55 47.16 1.57 0.17
Car 0.0 0 -2.46 -22.98 196.06 251.13 355.80 1.41 1.57 3.92 -6.05 1.65 7.40 -3.06 1.92
Car 0.0 0 0.41 277.60 181.00 457.24 246.54 1.52 1.59 3.89 -6.04 1.75 18.01 0.08 0.39
Car 0.0 0 -2.75 162.04 185.16 393.26 263.01 1.47 1.54 3.91 -7.08 1.78 15.39 3.10 0.49
