Car 0.0 0 -1.65 659.30 177.71 712.98 219.19 1.41 1.57 3.69 2.79 1.62 27.21 -1.55 2.76
Car 0.0 0 -1.81 704.50 166.65 846.61 281.44 1.72 1.67 3.93 2.72 1.66 12.86 -1.58 7.05
Car 0.0 0 -2.95 397.25 172.35 511.69 213.52 1.49 1.65 4.29 -6.09 1.51 28.19 3.12 0.43
Car 0.0 0 -2.76 168.68 161.46 413.82 261.96 1.74 1.69 4.13 -6.03 1.58 13.87 3.11 3.18
Car 0.0 0 0.37 357.19 173.00 498.90 225.06 1.50 1.65 4.20 -5.73 1.54 22.62 0.13 1.21
Car 0.0 0 0.53 50.55 170.09 394.34 280.45 1.50 1.60 4.22 -5.82 1.52 11.12 0.03 1.96
Car 0.0 0 0.40 337.42 175.33 484.76 230.54 1.51 1.62 3.94 -5.93 1.62 21.40 0.13 1.03
Car 0.0 0 -2.95 417.46 171.78 522.47 208.54 1.55 1.67 4.19 -6.32 1.54 32.71 -3.14 0.11
Car 0.0 0 -3.06 461.78 172.78 542.02 200.35 1.47 1.68 4.25 -6.27 1.53 42.14 3.07 0.07
Car 0.0 0 -2.79 207.31 167.81 419.10 254.45 1.68 1.64 3.99 -6.27 1.61 15.41 3.10 0.36
