Car 0.0 0 -2.01 771.04 177.80 1117.58 373.91 1.54 1.67 4.08 2.99 1.60 7.63 -1.58 12.50
Car 0.0 0 2.16 -11.74 204.92 291.40 352.34 1.44 1.56 3.95 -5.90 1.89 9.38 1.58 7.81
Car 0.0 0 1.89 298.08 175.74 424.57 257.59 1.75 1.71 4.35 -6.03 1.86 17.81 1.56 4.26
Car 0.0 0 1.85 381.45 178.96 465.48 233.97 1.61 1.65 3.88 -6.09 1.84 23.83 1.60 2.74
Car 0.0 0 1.76 454.24 181.59 506.46 216.21 1.45 1.54 4.06 -5.96 1.89 33.39 1.58 0.40
Car 0.0 0 1.68 536.18 178.02 570.93 203.20 1.52 1.68 4.04 -3.67 1.88 46.77 1.60 0.57
Car 0.0 0 -0.43 899.73 156.77 1103.85 216.37 1.73 1.81 4.80 12.21 1.33 22.86 0.07 0.14
Car 0.0 0 3.03 690.77 165.87 765.67 195.16 1.76 1.75 4.78 7.44 1.40 45.83 -3.09 0.13
Car 0.0 0 2.98 686.00 165.42 765.96 194.66 1.75 1.74 4.78 7.26 1.36 45.49 -3.14 0.14
Car 0.0 0 1.71 509.26 179.98 539.26 203.44 1.52 1.61 3.77 -6.04 2.05 50.58 1.59 0.14
