Car 0.0 0 -1.74 716.74 181.88 801.97 242.69 1.46 1.62 3.82 3.89 1.71 19.53 -1.53 5.10
Car 0.0 0 1.70 557.03 174.50 595.64 205.40 1.55 1.59 3.80 -1.80 1.66 38.90 1.66 1.76
Car 0.0 0 -2.02 842.64 171.60 1207.45 389.92 1.66 1.62 3.74 3.43 1.72 6.83 -1.50 7.60
Car 0.0 0 1.24 758.16 182.24 902.80 278.35 1.52 1.66 3.93 3.93 1.72 13.57 1.54 6.77
Car 0.0 0 -1.68 696.90 177.97 745.26 215.89 1.52 1.61 3.67 4.69 1.76 31.18 -1.53 0.72
Car 0.0 0 -1.71 711.91 178.85 771.99 229.10 1.53 1.58 3.55 4.33 1.76 24.24 -1.53 0.61
Car 0.0 0 -1.68 681.88 175.73 722.15 209.03 1.57 1.62 3.61 4.59 1.75 36.70 -1.55 0.19
Car 0.0 0 1.71 491.27 174.02 561.47 238.31 1.65 1.57 3.86 -2.42 1.75 21.39 1.60 0.42
Car 0.0 0 -1.70 705.99 178.35 759.81 220.42 1.52 1.61 3.66 4.74 1.74 28.39 -1.53 0.09
Car 0.0 0 1.73 437.87 159.94 551.40 260.06 1.78 1.64 4.06 -2.31 1.56 15.05 1.58 1.13
Car 0.0 0 -1.67 698.13 178.51 747.06 216.74 1.52 1.62 3.64 4.75 1.77 31.15 -1.52 0.13
