Car 0.0 0 -1.70 656.11 178.29 713.52 223.28 1.41 1.59 3.81 2.48 1.62 25.03 -1.60 3.68
Car 0.0 0 0.41 297.95 178.61 459.99 240.88 1.49 1.61 3.85 -6.07 1.68 18.99 0.10 1.80
Car 0.0 0 0.38 386.04 174.43 510.24 219.25 1.52 1.72 4.19 -5.93 1.60 26.25 0.16 1.23
Car 0.0 0 0.53 -1.26 172.48 332.92 296.95 1.52 1.64 4.02 -6.43 1.58 10.28 -0.02 5.47
Car 0.0 0 -2.74 224.62 180.63 404.41 253.21 1.47 1.56 3.55 -6.50 1.68 15.98 -3.13 1.96
Car 0.0 0 -2.67 118.26 180.94 378.85 274.02 1.46 1.54 3.82 -6.39 1.67 12.87 -3.13 3.53
Car 0.0 0 1.22 717.66 175.75 824.75 248.70 1.62 1.59 3.67 3.91 1.72 18.01 1.44 0.37
Car 0.0 0 -1.64 726.39 180.87 851.22 256.26 1.59 1.63 3.72 4.21 1.82 17.48 -1.39 0.43
Car 0.0 0 -3.00 457.86 176.78 533.43 207.73 1.46 1.60 3.81 -5.85 1.70 36.85 3.13 0.09
Car 0.0 0 -2.69 90.91 182.80 372.71 278.54 1.46 1.55 3.87 -6.48 1.69 12.53 3.11 1.25
Car 0.0 0 0.40 269.28 179.81 449.45 244.75 1.48 1.59 3.76 -6.24 1.70 18.01 0.06 0.34
