Car 0.0 0 -1.67 648.64 178.43 683.45 207.21 1.41 1.57 3.67 2.90 1.73 38.16 -1.59 1.79
Car 0.0 0 -2.74 164.32 186.90 398.45 270.64 1.46 1.62 3.97 -6.38 1.78 14.23 3.12 5.56
Car 0.0 0 0.38 370.05 178.26 512.53 227.33 1.47 1.64 4.27 -5.47 1.69 23.53 0.15 1.58
Car 0.0 0 -2.10 750.22 162.69 1200.01 386.49 1.60 1.60 3.67 2.42 1.63 5.87 -1.64 5.76
Car 0.0 0 -2.57 15.37 196.48 304.51 330.83 1.47 1.64 4.10 -6.28 1.75 8.81 -3.13 2.26
Car 0.0 0 0.36 329.32 179.83 490.07 237.29 1.52 1.62 4.05 -5.62 1.76 20.49 0.09 0.76
Car 0.0 0 1.48 633.55 167.06 663.58 197.89 1.82 1.67 4.05 2.36 1.51 45.33 1.53 0.43
Car 0.0 0 0.18 441.78 168.04 547.08 211.88 1.74 1.71 4.22 -4.85 1.57 30.39 0.02 0.37
Car 0.0 0 -2.79 244.30 184.08 411.55 249.77 1.48 1.54 3.89 -7.01 1.79 17.99 3.12 0.81
Car 0.0 0 -2.94 404.90 177.22 516.92 221.68 1.52 1.64 4.10 -5.50 1.71 26.59 3.14 0.19
Car 0.0 0 -3.03 464.88 172.30 553.54 205.58 1.52 1.67 4.19 -5.03 1.53 36.04 3.11 0.11
Car 0.0 0 1.06 842.41 181.74 987.22 266.78 1.54 1.50 3.52 6.08 1.74 15.03 1.46 0.20
Car 0.0 0 -2.81 221.48 184.81 415.14 253.06 1.47 1.56 3.97 -7.02 1.79 17.38 3.09 0.39
