Car 0.0 0 -1.66 651.42 172.71 693.27 207.77 1.38 1.56 3.65 2.64 1.41 31.27 -1.57 2.08
Car 0.0 0 -1.79 681.18 164.31 771.30 243.97 1.72 1.65 3.87 2.70 1.56 17.74 -1.63 4.95
Car 0.0 0 -1.95 743.60 185.84 1007.55 350.88 1.48 1.64 4.18 2.76 1.65 8.56 -1.60 9.14
Car 0.0 0 0.35 388.96 166.53 513.62 213.07 1.55 1.66 4.12 -5.74 1.36 25.88 0.13 1.20
Car 0.0 0 -3.01 411.53 168.54 523.90 207.12 1.48 1.65 4.29 -5.86 1.34 29.93 3.08 0.33
Car 0.0 0 -2.83 284.14 162.32 463.76 235.08 1.71 1.66 4.03 -6.04 1.49 18.56 -3.14 1.35
Car 0.0 0 -2.75 212.91 173.59 422.17 261.97 1.52 1.59 3.79 -5.69 1.56 14.10 -3.13 1.35
Car 0.0 0 0.40 263.88 171.38 459.12 244.04 1.50 1.58 4.02 -5.72 1.50 16.70 0.07 0.92
Car 0.0 0 -2.91 401.13 168.19 517.94 210.00 1.48 1.64 4.29 -5.81 1.35 27.84 -3.11 0.19
Car 0.0 0 -3.03 455.50 167.21 534.58 196.95 1.53 1.67 3.93 -6.38 1.26 40.26 3.10 0.08
Car 0.0 0 -2.98 437.69 166.72 528.35 201.34 1.54 1.66 4.17 -6.14 1.30 35.03 3.13 0.09
