Car 0.0 0 -1.71 667.93 181.22 735.08 233.27 1.45 1.60 3.60 2.69 1.72 22.34 -1.58 4.76
Car 0.0 0 1.94 249.64 195.05 390.44 272.31 1.50 1.63 4.08 -6.44 2.02 16.41 1.56 4.35
Car 0.0 0 2.68 864.06 155.54 1132.49 240.36 1.63 1.68 4.48 8.11 1.33 15.48 -3.11 4.51
Car 0.0 0 1.77 468.95 184.47 510.60 214.27 1.48 1.65 3.94 -6.45 2.14 38.89 1.60 1.60
Car 0.0 0 1.84 395.52 184.09 478.00 232.62 1.57 1.70 4.37 -6.18 2.00 26.08 1.60 2.04
Car 0.0 0 2.83 787.62 164.90 926.99 211.17 1.56 1.67 4.35 8.69 1.31 25.80 -3.13 0.88
Car 0.0 0 2.10 32.29 207.25 362.34 378.42 1.40 1.71 4.07 -3.90 1.83 7.07 1.59 7.19
Car 0.0 0 -2.10 1120.43 145.62 1197.56 188.72 1.78 1.73 3.55 24.67 0.64 32.42 -1.45 0.26
Car 0.0 0 -2.05 1004.38 153.99 1108.13 191.32 1.59 1.68 3.81 20.93 0.79 33.97 -1.49 0.11
Car 0.0 0 1.73 481.07 182.41 517.41 210.67 1.54 1.65 4.13 -6.61 2.17 43.25 1.58 0.13
