Car 0.0 0 -1.77 695.91 176.35 793.61 244.72 1.58 1.67 4.04 3.37 1.69 18.94 -1.58 6.50
Car 0.0 0 -1.68 673.69 178.98 728.14 219.92 1.48 1.62 3.78 3.46 1.74 28.42 -1.56 2.36
Car 0.0 0 -1.84 731.97 177.43 891.74 277.90 1.52 1.64 3.93 3.36 1.62 12.95 -1.57 11.76
Car 0.0 0 1.89 313.04 190.58 438.94 258.91 1.48 1.69 4.17 -5.75 1.95 18.14 1.58 6.54
Car 0.0 0 2.07 52.24 203.25 325.82 326.14 1.44 1.68 4.27 -6.11 1.94 11.05 1.54 7.87
Car 0.0 0 1.82 400.79 187.65 477.79 235.48 1.43 1.54 3.88 -5.66 1.95 24.26 1.59 2.72
Car 0.0 0 1.79 465.53 184.87 516.36 217.80 1.45 1.53 3.79 -5.65 2.05 34.49 1.63 1.47
Car 0.0 0 -1.68 659.05 180.04 715.26 213.51 1.46 1.67 4.04 3.58 1.84 34.27 -1.57 0.70
Car 0.0 0 1.77 513.34 179.22 544.89 203.50 1.55 1.58 3.54 -5.53 2.02 49.31 1.66 0.35
Car 0.0 0 -1.66 650.55 177.42 682.75 205.04 1.55 1.62 3.52 3.39 1.87 43.82 -1.59 0.09
