Car 0.0 0 -1.74 652.34 172.17 715.23 222.64 1.69 1.64 4.00 2.58 1.70 26.57 -1.64 3.05
Car 0.0 0 -1.81 688.24 182.61 800.48 259.71 1.44 1.58 3.64 2.70 1.66 15.57 -1.63 10.02
Car 0.0 0 0.50 136.96 171.49 395.21 260.86 1.54 1.66 4.01 -6.73 1.59 14.20 0.06 6.56
Car 0.0 0 -2.86 282.10 163.26 467.53 238.29 1.81 1.76 4.30 -6.09 1.62 18.92 3.11 2.59
Car 0.0 0 -3.02 387.19 175.30 502.95 214.39 1.50 1.65 4.22 -6.81 1.64 29.89 3.04 0.37
Car 0.0 0 -3.04 444.08 175.84 526.11 207.91 1.47 1.65 3.83 -6.16 1.65 35.43 3.07 0.37
Car 0.0 0 -2.55 -10.71 177.75 226.95 317.16 1.49 1.60 3.42 -6.58 1.60 9.13 3.13 2.67
Car 0.0 0 -1.71 647.85 172.84 696.91 214.46 1.63 1.63 3.84 2.56 1.68 31.04 -1.63 0.63
Car 0.0 0 -2.83 357.51 175.13 492.52 224.48 1.52 1.64 4.29 -6.21 1.64 24.19 -3.08 0.46
Car 0.0 0 -2.97 381.79 175.74 503.76 218.05 1.51 1.65 4.23 -6.48 1.65 27.90 3.09 0.21
Car 0.0 0 -1.67 637.47 173.74 671.10 202.22 1.49 1.61 3.79 2.47 1.58 41.43 -1.61 0.12
Car 0.0 0 -3.05 470.02 172.71 543.64 201.74 1.56 1.65 3.82 -6.03 1.61 42.52 3.09 0.07
