Car 0.0 0 1.88 320.71 193.53 425.57 257.39 1.50 1.59 3.61 -6.29 2.09 19.40 1.57 6.35
Car 0.0 0 1.84 390.69 189.91 468.57 237.65 1.44 1.64 3.91 -6.03 2.03 24.40 1.60 4.07
Car 0.0 0 -1.71 671.83 176.02 740.71 231.40 1.60 1.65 3.61 2.93 1.72 23.05 -1.58 3.13
Car 0.0 0 1.76 447.67 178.90 502.34 219.72 1.66 1.71 4.21 -5.99 1.96 32.26 1.58 1.66
Car 0.0 0 0.92 1102.43 131.18 1230.21 183.89 1.72 1.66 4.14 19.59 0.29 25.68 1.58 0.85
Car 0.0 0 2.24 -32.91 203.10 92.90 243.92 1.46 1.65 4.27 -22.56 2.64 28.03 1.56 0.29
Car 0.0 0 1.73 482.12 182.15 523.70 211.48 1.50 1.58 3.86 -5.94 2.05 40.37 1.59 0.26
Car 0.0 0 0.95 1089.86 133.65 1234.23 183.87 1.56 1.61 4.04 18.35 0.28 24.40 1.60 0.44
Car 0.0 0 1.72 489.25 181.34 525.17 209.40 1.48 1.56 3.78 -5.85 2.02 41.39 1.58 0.12
Car 0.0 0 1.72 488.06 182.13 526.81 210.39 1.48 1.51 3.71 -5.85 2.06 41.38 1.58 0.11
