Car 0.0 0 -2.26 745.35 174.87 859.20 222.56 1.47 1.63 3.77 6.43 1.57 24.65 -1.99 3.44
Car 0.0 0 -1.71 627.77 175.50 667.51 205.89 1.43 1.59 3.74 1.83 1.59 36.74 -1.66 1.91
Car 0.0 0 -2.97 387.51 173.22 493.77 212.34 1.55 1.67 4.25 -7.21 1.61 30.52 3.08 1.18
Car 0.0 0 -2.74 228.11 177.04 417.21 246.42 1.52 1.61 3.84 -6.93 1.65 17.42 -3.12 2.12
Car 0.0 0 -2.67 155.55 175.14 374.43 257.43 1.55 1.62 3.74 -7.17 1.64 15.10 -3.12 3.87
Car 0.0 0 -3.03 408.63 174.19 499.34 208.24 1.51 1.65 4.26 -7.54 1.63 34.96 3.04 0.20
Car 0.0 0 0.34 282.80 177.50 443.87 237.16 1.52 1.61 4.11 -6.86 1.68 20.07 0.01 0.78
Car 0.0 0 -3.03 425.37 173.94 509.78 202.78 1.50 1.67 4.00 -7.99 1.61 40.74 3.06 0.14
Car 0.0 0 -1.69 613.70 173.51 644.26 200.04 1.51 1.61 4.00 1.10 1.59 44.63 -1.66 0.30
Car 0.0 0 -1.69 611.31 172.91 640.80 199.96 1.53 1.62 3.94 0.93 1.59 44.52 -1.67 0.29
Car 0.0 0 -2.86 271.73 160.61 453.16 240.03 1.89 1.76 4.41 -6.42 1.62 18.77 3.09 0.75
Car 0.0 0 -3.06 447.27 172.27 521.84 199.04 1.52 1.71 3.98 -7.69 1.56 44.75 3.06 0.12
Car 0.0 0 -3.04 450.67 173.07 524.78 199.84 1.50 1.68 3.98 -7.47 1.57 44.06 3.07 0.12
Car 0.0 0 -2.50 -32.30 188.42 225.95 339.86 1.44 1.55 3.75 -6.49 1.62 7.99 -3.12 0.94
