Car 0.0 0 -1.75 159.24 191.51 222.79 232.42 1.48 1.62 3.62 -16.58 2.23 28.38 -2.28 2.85
Car 0.0 0 -1.94 280.90 197.59 409.65 263.97 1.41 1.59 3.79 -6.66 2.03 17.57 -2.29 5.65
Car 0.0 0 1.30 748.07 180.03 840.82 237.80 1.49 1.62 4.16 5.16 1.71 20.90 1.55 1.92
Car 0.0 0 2.77 341.20 178.76 434.28 219.40 1.55 1.66 4.24 -9.23 1.83 30.00 2.47 0.49
Car 0.0 0 1.48 669.39 178.65 735.07 231.94 1.55 1.58 3.62 2.84 1.76 23.17 1.61 0.79
Car 0.0 0 -1.69 541.56 171.29 661.64 256.32 1.69 1.79 4.44 -0.28 1.71 16.54 -1.70 0.38
Car 0.0 0 -2.11 409.89 170.06 676.77 307.09 1.73 1.73 4.51 -1.28 1.67 11.15 -2.20 1.36
Car 0.0 0 -1.65 719.56 177.92 776.42 217.91 1.47 1.55 3.90 5.50 1.70 29.20 -1.46 0.38
Car 0.0 0 -2.10 421.53 165.47 688.60 305.62 1.73 1.74 4.54 -1.15 1.65 11.06 -2.18 1.31
Car 0.0 0 -2.10 418.28 170.44 666.32 308.49 1.72 1.74 4.51 -1.09 1.72 11.10 -2.20 0.76
