Car 0.0 0 -1.79 679.46 176.27 784.55 260.36 1.65 1.70 4.09 2.59 1.77 16.40 -1.62 5.87
Car 0.0 0 -1.73 662.08 182.42 735.97 236.22 1.40 1.65 4.01 2.49 1.71 21.34 -1.61 2.68
Car 0.0 0 -2.76 242.50 182.23 435.37 252.81 1.50 1.63 4.04 -6.44 1.77 17.19 -3.12 2.89
Car 0.0 0 -1.68 645.71 177.92 692.55 217.46 1.47 1.61 3.85 2.29 1.70 29.25 -1.60 1.14
Car 0.0 0 0.49 160.85 182.79 404.54 270.35 1.49 1.58 3.96 -6.40 1.74 14.10 0.07 3.15
Car 0.0 0 -2.80 303.13 181.76 448.19 239.31 1.50 1.61 3.99 -6.77 1.79 20.69 -3.11 0.70
Car 0.0 0 -2.81 375.94 181.41 488.83 225.66 1.46 1.64 3.67 -6.34 1.80 25.71 -3.05 0.68
Car 0.0 0 -1.63 635.06 179.08 664.26 204.64 1.41 1.56 3.51 2.29 1.80 42.78 -1.57 0.30
Car 0.0 0 -2.58 -67.17 158.41 302.03 326.40 1.76 1.71 4.08 -6.19 1.65 8.61 3.11 2.45
Car 0.0 0 -2.29 424.38 177.20 517.47 216.31 1.58 1.62 3.74 -6.20 1.81 31.84 -2.48 0.11
Car 0.0 0 -3.03 465.12 177.73 544.04 206.57 1.47 1.69 4.08 -5.89 1.80 40.21 3.11 0.13
Car 0.0 0 0.52 116.60 176.42 381.09 287.78 1.56 1.57 3.79 -5.98 1.69 11.82 0.06 1.96
Car 0.0 0 -3.04 474.04 177.36 544.84 204.84 1.49 1.67 3.97 -5.94 1.81 42.84 3.10 0.09
Car 0.0 0 -3.04 476.31 177.03 547.13 204.43 1.50 1.67 3.96 -5.93 1.81 43.26 3.11 0.09
Car 0.0 0 -2.13 794.16 200.55 1235.18 394.01 1.45 1.59 3.58 2.70 1.73 5.59 -1.62 1.72
