Car 0.0 0 1.80 108.09 219.07 235.39 308.00 1.45 1.50 3.52 -8.48 2.40 14.12 1.25 5.84
Car 0.0 0 -1.96 558.30 213.08 806.79 356.03 1.48 1.64 4.03 0.61 2.02 9.57 -1.86 11.53
Car 0.0 0 -1.76 447.68 196.78 533.58 269.40 1.68 1.63 3.96 -3.26 2.34 18.85 -1.92 5.05
Car 0.0 0 -1.67 404.75 203.16 452.09 241.64 1.49 1.57 3.50 -7.73 2.80 30.38 -1.91 1.61
Car 0.0 0 -1.82 501.59 206.40 630.40 296.18 1.50 1.60 3.72 -1.06 2.18 14.13 -1.88 7.67
Car 0.0 0 1.96 -107.05 227.22 188.19 402.87 1.49 1.61 3.84 -5.91 2.11 7.78 1.29 4.94
Car 0.0 0 1.68 276.62 203.53 309.94 230.21 1.52 1.58 3.76 -19.58 3.46 44.55 1.26 0.41
Car 0.0 0 -1.71 424.43 201.22 490.81 254.51 1.57 1.54 3.26 -5.01 2.50 23.31 -1.92 0.28
Car 0.0 0 -1.67 390.24 201.62 424.11 229.29 1.52 1.63 3.58 -12.11 3.28 42.81 -1.94 0.17
Car 0.0 0 -1.67 407.23 203.57 455.41 242.66 1.51 1.60 3.55 -7.59 2.79 30.23 -1.91 0.18
Car 0.0 0 2.63 679.87 208.19 809.77 263.78 1.51 1.62 4.31 3.87 2.60 21.62 2.81 0.18
Car 0.0 0 -2.16 635.60 226.78 1199.56 450.38 1.47 1.63 3.92 1.91 1.88 4.81 -1.76 1.37
Car 0.0 0 1.70 219.69 196.59 284.75 258.30 1.79 1.60 4.00 -11.59 2.61 23.44 1.24 0.22
