Car 0.0 0 2.69 748.03 167.91 935.71 238.74 1.65 1.66 4.24 5.81 1.57 18.49 3.00 5.54
Car 0.0 0 -2.74 253.33 174.73 421.08 243.73 1.45 1.52 3.82 -6.45 1.52 17.00 -3.10 2.88
Car 0.0 0 -2.86 370.80 174.02 492.34 218.61 1.48 1.62 3.79 -6.38 1.56 25.86 -3.10 1.76
Car 0.0 0 2.50 898.63 186.91 1237.97 315.31 1.44 1.65 4.28 6.27 1.74 9.71 3.07 6.83
Car 0.0 0 -3.01 409.98 169.62 519.82 211.13 1.61 1.70 4.20 -6.03 1.51 29.93 3.08 1.02
Car 0.0 0 -0.45 857.56 179.92 1156.10 285.58 1.43 1.57 4.08 6.07 1.58 11.40 0.05 4.74
Car 0.0 0 -3.03 469.89 168.65 548.34 197.49 1.57 1.70 3.98 -5.93 1.37 42.41 3.11 0.30
Car 0.0 0 -2.99 430.84 169.08 526.44 205.26 1.60 1.64 4.26 -6.26 1.47 34.41 3.11 0.27
Car 0.0 0 0.50 214.20 166.98 411.95 248.04 1.59 1.61 3.90 -6.41 1.53 15.56 0.11 0.66
Car 0.0 0 -3.03 470.22 169.56 548.17 198.40 1.54 1.68 4.03 -5.87 1.41 41.88 3.12 0.15
Car 0.0 0 -2.76 152.90 170.53 414.80 262.04 1.60 1.64 4.07 -6.23 1.62 13.92 3.10 0.41
