Car 0.0 0 -1.73 590.44 174.73 652.28 221.91 1.50 1.59 3.60 0.26 1.58 25.08 -1.71 5.20
Car 0.0 0 1.68 403.59 181.65 450.62 217.67 1.40 1.56 3.56 -7.76 1.80 30.75 1.44 2.60
Car 0.0 0 -1.65 566.74 175.20 606.15 208.43 1.50 1.61 3.67 -1.21 1.65 35.33 -1.68 2.28
Car 0.0 0 1.80 242.96 182.82 376.06 278.70 1.54 1.60 3.66 -5.67 1.76 13.81 1.41 2.62
Car 0.0 0 -2.14 792.13 165.19 1175.00 376.27 1.54 1.59 3.62 2.83 1.58 6.18 -1.66 6.95
Car 0.0 0 -1.18 52.54 199.98 312.54 341.47 1.45 1.56 3.45 -5.27 1.81 9.30 -1.71 3.45
Car 0.0 0 -1.47 423.99 175.72 460.83 207.31 1.61 1.68 3.83 -9.28 1.81 39.93 -1.70 0.73
Car 0.0 0 -1.84 670.85 179.59 804.83 261.78 1.49 1.61 3.75 2.46 1.62 14.97 -1.66 1.77
Car 0.0 0 1.74 425.78 176.44 461.69 207.76 1.57 1.65 3.76 -9.12 1.81 39.53 1.51 0.31
Car 0.0 0 2.04 92.94 185.04 214.48 249.22 1.52 1.67 3.94 -12.32 1.91 19.77 1.48 0.11
Car 0.0 0 1.89 263.65 181.53 369.22 244.89 1.52 1.66 3.80 -7.98 1.78 19.78 1.51 0.13
