Car 0.0 0 1.96 191.44 199.50 369.22 293.85 1.48 1.62 4.03 -6.09 2.01 13.74 1.53 10.46
Car 0.0 0 -1.72 666.57 174.02 736.63 218.40 1.61 1.66 3.89 3.49 1.68 28.25 -1.59 1.96
Car 0.0 0 1.80 390.44 188.59 467.00 235.67 1.48 1.71 4.18 -6.28 2.05 25.38 1.56 4.28
Car 0.0 0 1.88 314.68 193.06 425.86 258.98 1.51 1.66 4.11 -6.19 2.06 18.99 1.56 6.25
Car 0.0 0 1.78 447.91 186.86 502.22 221.61 1.48 1.62 3.88 -6.21 2.14 33.44 1.60 2.50
Car 0.0 0 2.67 846.75 145.85 1021.51 210.13 1.81 1.69 4.31 9.62 1.05 21.76 3.09 3.36
Car 0.0 0 2.14 -22.39 201.97 253.47 382.31 1.53 1.68 4.34 -5.81 1.91 8.08 1.54 5.27
Car 0.0 0 -0.18 655.18 174.26 735.61 212.36 1.64 1.67 4.25 3.85 1.74 33.35 -0.06 0.41
Car 0.0 0 2.73 817.86 154.70 927.68 200.42 1.69 1.68 3.91 10.03 1.04 27.92 3.08 0.32
Car 0.0 0 -0.54 1141.35 135.56 1278.41 177.84 1.52 1.63 3.58 23.28 0.15 28.05 0.15 0.57
Car 0.0 0 2.75 781.94 157.17 880.24 199.86 1.68 1.71 3.81 9.08 1.09 29.91 3.05 0.14
Car 0.0 0 -0.09 654.53 175.54 706.14 207.69 1.58 1.63 3.87 3.72 1.79 38.61 0.01 0.07
