Car 0.0 0 1.79 443.53 181.11 499.52 218.20 1.48 1.68 3.96 -6.02 1.87 31.66 1.60 2.84
Car 0.0 0 -1.79 696.42 178.43 806.36 254.89 1.43 1.60 3.55 2.88 1.57 15.66 -1.60 8.06
Car 0.0 0 2.74 845.78 151.12 1072.72 221.42 1.61 1.66 4.44 8.50 1.14 17.93 -3.09 2.87
Car 0.0 0 1.87 323.81 183.20 445.85 249.54 1.51 1.67 4.34 -5.79 1.81 18.99 1.57 4.21
Car 0.0 0 2.15 -36.12 204.62 262.28 357.66 1.49 1.62 4.01 -6.28 1.94 9.33 1.55 7.39
Car 0.0 0 1.72 473.76 180.27 513.94 210.24 1.48 1.64 3.97 -6.23 1.92 38.89 1.56 0.58
Car 0.0 0 2.88 720.52 161.59 811.49 207.86 1.78 1.75 4.13 6.53 1.34 30.31 3.09 0.29
Car 0.0 0 2.55 984.37 126.85 1296.08 252.39 1.77 1.71 4.25 8.30 1.15 11.30 -3.10 0.85
Car 0.0 0 1.73 488.63 178.96 525.17 207.44 1.53 1.66 4.09 -6.05 1.95 42.60 1.59 0.13
Car 0.0 0 2.94 707.29 163.03 821.03 205.42 1.72 1.72 4.17 6.84 1.32 31.90 -3.13 0.11
