Car 0.0 0 -0.38 793.05 190.91 952.80 252.56 1.46 1.59 3.77 6.75 1.97 18.82 -0.03 4.76
Car 0.0 0 -2.72 138.57 183.57 391.05 271.28 1.48 1.62 3.89 -6.48 1.74 13.69 3.12 5.98
Car 0.0 0 -0.20 708.89 185.07 803.43 223.00 1.48 1.66 3.77 6.03 2.01 30.14 -0.00 2.01
Car 0.0 0 2.53 839.31 189.48 1162.74 300.80 1.46 1.72 4.30 6.01 1.78 11.21 3.03 7.11
Car 0.0 0 -2.72 244.00 183.73 446.51 256.87 1.49 1.56 3.84 -5.97 1.77 16.37 -3.08 3.52
Car 0.0 0 0.38 317.28 182.21 488.62 241.45 1.50 1.64 3.99 -5.69 1.80 19.96 0.10 2.14
Car 0.0 0 -1.67 640.31 183.86 670.86 209.20 1.42 1.58 3.65 2.71 2.12 43.88 -1.61 0.78
Car 0.0 0 -2.91 381.69 178.06 511.02 225.47 1.66 1.67 4.26 -6.08 1.88 26.82 -3.13 0.42
Car 0.0 0 -0.36 769.67 184.26 913.90 242.79 1.59 1.65 4.00 6.78 1.96 21.35 -0.04 1.90
Car 0.0 0 -3.08 451.86 180.96 540.64 211.47 1.43 1.68 4.35 -5.76 1.87 36.40 3.05 0.49
Car 0.0 0 -2.92 373.53 179.43 509.20 229.14 1.60 1.63 4.15 -5.80 1.84 24.91 3.13 0.31
Car 0.0 0 -2.91 382.62 178.31 507.52 226.12 1.57 1.60 4.10 -5.86 1.80 25.42 -3.14 0.21
Car 0.0 0 -3.10 460.90 180.57 546.29 210.37 1.44 1.69 4.32 -5.51 1.88 37.56 3.04 0.12
Car 0.0 0 0.34 342.42 181.53 494.50 239.94 1.53 1.62 4.11 -5.47 1.81 20.71 0.08 0.32
