Car 0.0 0 1.83 297.39 195.45 445.86 301.94 1.46 1.57 3.73 -3.89 1.88 12.23 1.51 9.31
Car 0.0 0 -1.66 631.15 179.30 682.12 221.23 1.47 1.60 3.63 1.68 1.74 27.67 -1.60 2.88
Car 0.0 0 -1.91 750.97 186.33 969.96 323.63 1.50 1.62 3.86 3.10 1.70 9.97 -1.57 10.59
Car 0.0 0 -1.81 678.30 171.52 793.89 264.32 1.67 1.63 4.01 2.46 1.69 15.11 -1.64 6.12
Car 0.0 0 1.72 441.85 170.66 512.23 235.44 1.74 1.61 3.92 -3.98 1.72 21.83 1.54 1.64
Car 0.0 0 -1.74 655.48 177.10 726.84 238.27 1.55 1.56 3.25 2.15 1.69 20.29 -1.62 0.77
Car 0.0 0 1.70 509.20 178.51 539.99 204.27 1.51 1.56 3.75 -5.38 1.89 45.46 1.59 0.58
Car 0.0 0 2.07 -88.99 206.25 347.05 391.98 1.42 1.61 3.73 -3.43 1.76 5.64 1.48 2.55
Car 0.0 0 -1.64 630.26 178.43 670.07 213.68 1.51 1.68 3.95 1.79 1.81 33.96 -1.59 0.13
Car 0.0 0 -1.66 613.74 176.65 644.46 204.65 1.55 1.61 3.54 1.07 1.82 43.01 -1.64 0.18
