Car 0.0 0 -1.72 677.29 174.76 753.68 226.60 1.60 1.66 3.91 3.44 1.69 24.30 -1.58 3.34
Car 0.0 0 1.85 352.19 192.07 446.30 248.48 1.49 1.68 4.06 -6.23 2.09 21.66 1.56 5.27
Car 0.0 0 1.79 428.59 188.42 490.58 229.06 1.47 1.66 3.94 -5.96 2.13 28.85 1.58 3.37
Car 0.0 0 2.06 18.05 209.10 304.56 344.09 1.48 1.63 4.11 -6.00 2.01 10.22 1.50 10.40
Car 0.0 0 1.94 238.21 198.49 388.17 282.78 1.50 1.63 4.01 -6.17 2.08 15.36 1.55 7.12
Car 0.0 0 -0.20 661.02 175.12 738.32 217.46 1.63 1.68 4.13 3.63 1.76 30.05 -0.07 1.10
Car 0.0 0 2.62 891.15 138.37 1111.11 216.62 1.81 1.70 4.39 9.67 1.02 18.14 3.12 3.70
Car 0.0 0 2.81 809.30 156.61 918.65 203.56 1.66 1.69 3.67 9.40 1.11 27.02 -3.14 0.28
Car 0.0 0 -1.66 651.80 177.71 689.33 207.05 1.57 1.64 3.57 3.45 1.91 41.82 -1.58 0.21
Car 0.0 0 1.73 460.15 184.96 508.11 219.78 1.52 1.64 4.13 -6.00 2.13 34.59 1.56 0.33
Car 0.0 0 -0.16 662.16 175.47 741.63 214.22 1.60 1.65 4.13 4.04 1.77 32.63 -0.04 0.10
Car 0.0 0 -0.41 859.96 152.34 996.96 206.29 1.70 1.66 3.78 10.50 1.06 24.24 0.01 0.13
