Car 0.0 0 -1.78 681.01 183.98 749.12 233.32 1.37 1.54 3.66 3.11 1.73 22.32 -1.63 4.96
Car 0.0 0 -2.76 228.66 177.92 441.25 254.99 1.52 1.61 3.81 -6.03 1.68 15.98 -3.12 3.89
Car 0.0 0 -1.94 762.71 176.51 1012.72 336.11 1.63 1.65 3.90 3.21 1.70 9.36 -1.58 8.68
Car 0.0 0 -2.67 140.91 183.21 381.14 274.01 1.49 1.59 3.69 -6.45 1.72 13.39 -3.12 3.74
Car 0.0 0 0.34 326.92 176.42 492.95 237.26 1.54 1.66 3.98 -5.61 1.67 20.04 0.07 1.46
Car 0.0 0 0.19 440.04 177.78 539.04 215.79 1.41 1.64 4.07 -4.85 1.63 28.88 0.03 0.66
Car 0.0 0 -2.95 369.87 173.85 505.02 226.09 1.59 1.63 4.00 -5.61 1.64 23.55 3.10 0.36
Car 0.0 0 -3.07 485.62 176.51 549.80 202.40 1.43 1.63 3.85 -5.55 1.69 43.32 3.08 0.23
Car 0.0 0 -2.45 -20.10 188.57 239.24 343.73 1.42 1.60 4.04 -6.33 1.61 7.73 -3.06 2.27
Car 0.0 0 -2.93 372.71 174.48 508.26 226.43 1.56 1.60 3.82 -5.52 1.65 23.38 3.12 0.15
Car 0.0 0 2.76 723.72 180.76 805.52 213.90 1.41 1.57 3.88 6.97 1.80 32.98 2.97 0.10
Car 0.0 0 0.33 358.32 176.07 495.66 232.18 1.57 1.65 4.01 -5.62 1.68 21.93 0.08 0.23
Car 0.0 0 -3.08 481.61 176.51 549.53 203.04 1.44 1.65 3.92 -5.59 1.70 42.57 3.08 0.10
Car 0.0 0 -3.12 496.05 175.74 554.14 201.56 1.47 1.66 4.01 -5.26 1.71 44.69 3.05 0.10
