Car 0.0 0 -1.67 650.49 173.79 691.77 208.59 1.40 1.56 3.65 2.60 1.47 31.66 -1.58 2.27
Car 0.0 0 -1.79 698.24 178.82 834.89 267.89 1.46 1.62 3.85 2.82 1.59 14.03 -1.58 7.63
Car 0.0 0 -1.72 676.52 173.60 761.30 237.79 1.52 1.63 3.88 2.74 1.55 19.23 -1.57 5.18
Car 0.0 0 -1.95 728.85 155.82 1019.92 347.53 1.82 1.79 4.62 2.81 1.69 9.04 -1.59 8.01
Car 0.0 0 -2.74 118.18 165.63 392.03 270.33 1.64 1.65 3.90 -6.18 1.59 12.77 3.09 4.06
Car 0.0 0 0.29 282.85 165.61 456.07 238.73 1.66 1.65 3.99 -5.93 1.52 17.91 -0.03 0.99
Car 0.0 0 -2.95 328.90 168.70 484.75 220.67 1.54 1.64 4.22 -6.49 1.45 23.30 3.06 0.40
Car 0.0 0 -3.02 431.35 166.96 527.84 204.44 1.64 1.69 4.03 -6.01 1.39 33.43 3.08 0.42
Car 0.0 0 -1.65 637.36 169.38 670.54 198.59 1.52 1.59 3.64 2.39 1.37 40.33 -1.59 0.53
Car 0.0 0 -2.86 249.96 163.79 448.64 246.94 1.68 1.63 3.89 -5.92 1.54 16.36 3.08 0.64
Car 0.0 0 0.38 205.59 167.39 439.81 255.62 1.65 1.67 3.99 -6.00 1.60 15.09 -0.00 2.09
Car 0.0 0 -2.58 -31.96 186.04 277.31 329.35 1.46 1.57 4.08 -6.19 1.61 8.26 3.11 2.00
Car 0.0 0 -3.00 402.52 170.95 511.07 210.82 1.50 1.67 4.13 -6.22 1.46 29.26 3.07 0.23
Car 0.0 0 -2.65 -0.35 179.66 313.01 295.90 1.48 1.57 3.59 -6.66 1.62 10.57 3.08 1.22
Car 0.0 0 -2.66 20.09 180.48 308.59 295.60 1.46 1.58 3.62 -6.56 1.60 10.49 3.07 1.11
Car 0.0 0 -3.10 506.03 169.14 545.20 194.80 1.53 1.63 3.61 -5.48 1.33 46.73 3.07 0.08
Car 0.0 0 -2.68 -7.32 180.02 317.11 296.08 1.47 1.57 3.66 -6.63 1.61 10.44 3.04 0.72
