Car 0.0 0 -1.74 668.44 185.28 748.13 243.04 1.41 1.61 3.79 2.56 1.77 19.90 -1.61 5.20
Car 0.0 0 0.95 143.88 179.18 414.66 273.53 1.51 1.59 3.85 -6.03 1.69 13.21 0.52 3.42
Car 0.0 0 0.45 331.42 179.15 486.49 234.05 1.49 1.70 4.00 -6.03 1.72 21.51 0.18 2.38
Car 0.0 0 -0.24 734.09 182.38 843.11 227.63 1.54 1.64 3.74 6.36 1.90 26.22 0.01 0.94
Car 0.0 0 1.02 277.48 178.88 430.90 244.99 1.50 1.56 3.62 -6.52 1.71 18.26 0.68 0.77
Car 0.0 0 0.54 139.39 181.09 403.92 281.94 1.51 1.62 3.96 -5.96 1.72 12.53 0.10 1.77
Car 0.0 0 0.97 206.44 180.85 409.19 260.71 1.50 1.58 3.76 -6.35 1.73 15.25 0.57 1.22
Car 0.0 0 -1.63 697.68 180.65 750.12 219.95 1.52 1.61 3.65 4.65 1.89 30.32 -1.47 0.23
Car 0.0 0 -3.01 448.20 180.29 532.48 212.25 1.43 1.61 3.82 -5.76 1.83 34.78 3.10 0.17
Car 0.0 0 -2.89 411.88 180.48 513.39 221.47 1.47 1.56 3.74 -5.71 1.79 27.86 -3.10 0.17
Car 0.0 0 -1.99 -36.43 193.67 237.59 347.99 1.42 1.57 4.06 -6.20 1.64 7.88 -2.60 0.95
Car 0.0 0 -3.03 460.72 178.66 540.06 207.85 1.48 1.64 3.97 -5.93 1.85 39.63 3.10 0.07
Car 0.0 0 -1.63 663.32 177.78 699.50 203.97 1.46 1.60 3.43 4.20 1.77 43.26 -1.54 0.06
