Car 0.0 0 1.85 348.91 186.34 450.92 249.59 1.52 1.68 3.95 -5.65 1.90 19.78 1.56 6.91
Car 0.0 0 1.79 410.79 184.03 484.28 230.82 1.46 1.65 3.95 -5.62 1.88 25.34 1.57 4.54
Car 0.0 0 2.75 767.24 155.10 883.06 194.37 1.71 1.69 4.59 9.68 0.95 32.96 3.04 2.38
Car 0.0 0 1.74 452.35 181.81 504.27 220.54 1.50 1.72 4.01 -5.61 1.93 30.95 1.56 1.97
Car 0.0 0 -0.56 1078.79 136.95 1223.34 177.99 1.61 1.68 4.27 22.51 0.20 30.15 0.08 1.53
Car 0.0 0 1.72 480.14 181.12 521.95 211.60 1.48 1.69 3.91 -5.73 1.94 38.11 1.57 0.86
Car 0.0 0 1.73 504.47 179.22 541.03 206.26 1.53 1.71 3.97 -5.32 1.96 44.17 1.61 0.54
Car 0.0 0 -0.98 21.98 192.35 295.13 370.27 1.51 1.62 4.13 -5.50 1.76 7.79 -1.54 3.39
Car 0.0 0 -0.12 663.73 173.00 725.11 203.97 1.56 1.66 3.90 4.54 1.62 39.14 -0.00 0.15
Car 0.0 0 -0.51 1045.68 140.99 1172.17 176.59 1.54 1.64 4.38 23.07 0.14 33.64 0.10 0.33
Car 0.0 0 -0.54 1055.37 140.24 1203.16 178.27 1.56 1.65 4.41 22.77 0.21 31.73 0.09 0.36
Car 0.0 0 -0.10 657.65 172.31 711.84 200.50 1.58 1.66 3.88 4.50 1.60 43.83 0.00 0.15
Car 0.0 0 1.73 505.36 179.32 542.10 206.79 1.55 1.68 3.91 -5.29 1.98 44.12 1.61 0.16
Car 0.0 0 1.71 508.16 177.59 543.24 204.98 1.55 1.65 3.93 -5.22 1.90 44.59 1.59 0.11
