Car 0.0 0 1.44 666.23 181.94 726.66 228.41 1.42 1.60 3.73 2.84 1.75 24.50 1.56 3.46
Car 0.0 0 -1.88 731.01 168.01 937.05 323.79 1.72 1.68 4.02 2.77 1.70 9.97 -1.58 8.15
Car 0.0 0 -2.94 377.56 175.55 502.87 218.23 1.47 1.65 4.29 -6.26 1.60 26.76 3.11 0.78
Car 0.0 0 -2.83 306.41 176.55 479.87 239.54 1.52 1.64 4.04 -5.74 1.66 19.15 -3.12 2.26
Car 0.0 0 -2.62 87.81 160.51 362.45 290.64 1.76 1.67 4.03 -5.91 1.63 11.14 -3.11 4.23
Car 0.0 0 0.74 -18.54 177.79 323.01 331.44 1.50 1.62 4.19 -5.88 1.61 8.21 0.17 3.91
Car 0.0 0 -2.66 205.45 172.79 397.87 253.85 1.63 1.64 3.90 -6.78 1.67 15.76 -3.06 2.06
Car 0.0 0 -0.20 712.32 174.32 792.14 215.80 1.56 1.61 3.75 5.63 1.64 29.14 -0.01 0.90
Car 0.0 0 -2.86 351.57 177.86 492.29 229.63 1.50 1.59 4.28 -5.91 1.69 22.74 -3.12 0.33
Car 0.0 0 -2.89 377.50 176.74 505.84 221.30 1.48 1.61 4.24 -6.01 1.63 25.74 -3.12 0.31
Car 0.0 0 -2.95 410.88 173.56 517.99 210.33 1.57 1.67 4.24 -6.55 1.64 32.66 3.14 0.10
Car 0.0 0 -2.94 383.19 177.40 506.07 220.42 1.45 1.62 4.31 -6.11 1.65 26.39 3.12 0.15
Car 0.0 0 -2.99 459.20 176.14 537.85 204.73 1.45 1.66 4.23 -6.07 1.67 39.36 3.14 0.09
Car 0.0 0 -2.80 287.54 181.40 455.01 243.66 1.48 1.60 3.83 -6.31 1.73 18.86 -3.12 0.34
