Car 0.0 0 -1.75 227.52 189.60 287.72 229.78 1.45 1.58 3.81 -14.01 2.13 28.43 -2.21 3.73
Car 0.0 0 -1.92 344.97 196.46 468.44 264.13 1.40 1.59 3.84 -5.04 1.97 17.14 -2.20 7.18
Car 0.0 0 1.28 819.44 175.21 925.02 237.00 1.49 1.62 4.22 6.98 1.58 19.75 1.63 2.38
Car 0.0 0 3.03 401.60 176.08 495.99 213.00 1.53 1.58 3.70 -7.37 1.72 32.46 2.81 0.61
Car 0.0 0 -1.74 204.13 189.45 252.22 223.79 1.49 1.62 4.16 -18.15 2.31 34.04 -2.23 1.39
Car 0.0 0 -2.13 476.74 163.42 770.92 317.78 1.78 1.74 4.56 -0.23 1.65 10.36 -2.11 4.22
Car 0.0 0 1.83 -3.90 191.02 56.51 225.29 1.50 1.67 3.94 -28.07 2.41 34.94 1.15 0.43
Car 0.0 0 1.50 735.83 173.57 805.32 231.16 1.53 1.60 3.55 4.68 1.58 21.36 1.72 0.61
Car 0.0 0 -2.01 568.08 171.37 738.01 257.65 1.68 1.76 4.39 0.79 1.71 16.30 -1.95 0.23
Car 0.0 0 1.55 786.41 172.59 851.24 215.87 1.52 1.56 3.86 7.95 1.53 27.73 1.83 0.29
Car 0.0 0 -1.82 365.01 185.67 422.48 215.56 1.42 1.53 3.48 -11.84 2.18 39.14 -2.11 0.09
Car 0.0 0 -1.72 603.26 168.78 747.89 255.10 1.70 1.78 4.42 1.37 1.66 16.39 -1.63 0.21
