Car 0.0 0 -0.25 721.02 184.24 839.87 230.03 1.46 1.65 3.76 5.79 1.88 24.87 -0.02 3.56
Car 0.0 0 -1.68 638.04 182.65 674.48 211.23 1.40 1.57 3.73 2.37 1.94 38.22 -1.62 1.56
Car 0.0 0 -0.44 858.24 192.63 1105.75 282.36 1.46 1.60 3.70 6.70 1.88 13.38 0.03 6.29
Car 0.0 0 0.43 195.47 175.69 440.75 262.15 1.56 1.64 4.04 -5.85 1.69 14.75 0.05 4.69
Car 0.0 0 -0.39 814.95 182.65 1025.12 265.32 1.59 1.64 3.88 6.52 1.85 15.51 0.01 4.57
Car 0.0 0 -2.88 276.83 174.13 463.34 245.12 1.67 1.67 4.27 -6.04 1.72 18.42 3.09 1.34
Car 0.0 0 -2.63 -29.89 183.33 355.89 302.50 1.46 1.60 4.12 -6.36 1.69 10.34 3.10 4.95
Car 0.0 0 -3.03 421.12 178.28 525.46 214.82 1.47 1.71 4.35 -5.93 1.74 31.32 3.07 0.71
Car 0.0 0 -3.02 409.40 178.41 519.45 214.98 1.45 1.69 4.30 -6.27 1.72 30.92 3.06 0.60
Car 0.0 0 -2.96 344.01 176.90 486.72 228.09 1.55 1.65 4.26 -6.33 1.71 23.54 3.06 0.50
Car 0.0 0 -2.53 -46.28 186.02 238.26 340.52 1.43 1.61 4.03 -6.33 1.63 7.79 3.14 2.70
