Car 0.0 0 -1.71 654.90 175.46 700.41 213.00 1.65 1.68 4.09 3.12 1.81 34.39 -1.62 2.14
Car 0.0 0 -1.83 698.15 185.85 806.18 256.28 1.43 1.60 4.15 3.13 1.75 16.96 -1.64 7.02
Car 0.0 0 -2.72 190.18 164.05 394.69 262.20 1.92 1.69 4.01 -6.82 1.78 15.61 -3.13 3.42
Car 0.0 0 0.61 -28.43 183.17 359.63 313.17 1.50 1.67 4.37 -5.97 1.68 9.70 0.06 5.80
Car 0.0 0 0.91 380.79 180.52 489.84 228.27 1.47 1.60 3.80 -5.89 1.74 24.24 0.68 0.43
Car 0.0 0 -3.03 449.63 176.34 538.19 212.24 1.57 1.66 3.85 -5.47 1.78 33.90 3.09 0.31
Car 0.0 0 -3.00 420.43 178.55 527.54 219.71 1.48 1.64 3.97 -5.29 1.72 27.85 3.10 0.21
Car 0.0 0 -2.71 329.05 180.31 464.91 237.76 1.53 1.59 3.69 -6.23 1.76 20.98 -3.00 1.18
Car 0.0 0 -3.03 473.02 176.10 542.56 209.83 1.58 1.66 3.82 -5.15 1.79 36.47 3.11 0.15
Car 0.0 0 -3.08 499.79 176.18 551.69 204.72 1.56 1.63 3.73 -4.94 1.81 42.55 3.09 0.10
Car 0.0 0 -3.04 462.24 176.73 545.04 211.23 1.58 1.66 3.84 -5.23 1.82 35.67 3.10 0.08
