Car 0.0 0 -1.70 466.34 177.70 504.70 206.69 1.51 1.65 3.89 -7.03 1.81 40.39 -1.87 1.38
Car 0.0 0 -0.42 815.98 187.69 1197.46 322.97 1.46 1.62 3.93 4.72 1.70 9.04 0.08 4.28
Car 0.0 0 0.41 114.53 173.81 341.98 257.51 1.59 1.66 4.15 -8.00 1.67 15.22 -0.08 2.09
Car 0.0 0 -2.90 185.54 171.05 361.74 229.99 1.55 1.63 4.16 -9.50 1.53 20.40 2.95 0.60
Car 0.0 0 -0.51 891.48 192.66 1258.88 381.70 1.52 1.69 3.98 4.75 1.66 6.29 0.06 3.43
Car 0.0 0 -2.67 21.09 172.09 301.29 277.24 1.66 1.70 4.12 -8.11 1.71 12.90 3.06 1.55
Car 0.0 0 -2.65 -89.90 181.60 205.84 306.53 1.52 1.60 3.64 -7.99 1.69 10.16 2.98 0.72
Car 0.0 0 -2.88 183.18 169.90 361.96 231.03 1.62 1.66 4.33 -9.52 1.57 20.52 2.97 0.35
Car 0.0 0 -2.65 -71.71 181.77 216.74 307.38 1.53 1.59 3.64 -7.87 1.69 10.32 3.00 0.57
Car 0.0 0 -2.60 -105.54 177.31 207.66 335.10 1.55 1.66 3.82 -6.99 1.66 8.60 3.03 0.53
