Car 0.0 0 1.70 483.54 169.63 542.93 213.32 1.54 1.66 3.85 -3.69 1.43 27.81 1.57 4.12
Car 0.0 0 -1.72 662.56 172.01 722.55 217.42 1.52 1.61 3.72 2.90 1.51 26.53 -1.60 3.79
Car 0.0 0 -1.83 720.83 175.47 850.45 267.41 1.55 1.61 3.65 3.27 1.62 14.22 -1.59 8.87
Car 0.0 0 -1.76 685.90 173.11 763.57 230.85 1.52 1.55 3.49 3.21 1.55 21.03 -1.60 6.26
Car 0.0 0 -1.94 763.95 186.53 1008.33 330.83 1.47 1.61 4.02 3.20 1.67 9.43 -1.57 12.66
Car 0.0 0 1.85 304.22 172.88 473.94 303.67 1.63 1.62 3.86 -3.24 1.67 11.10 1.55 7.02
Car 0.0 0 -1.69 646.58 169.93 690.70 205.37 1.56 1.65 3.83 2.71 1.46 34.38 -1.61 0.51
Car 0.0 0 -1.68 647.65 170.65 690.64 206.19 1.55 1.64 3.79 2.71 1.48 34.18 -1.60 0.47
Car 0.0 0 1.67 519.40 168.76 554.97 198.47 1.56 1.58 3.84 -4.15 1.37 41.27 1.57 0.13
Car 0.0 0 -1.68 646.30 171.36 691.14 207.06 1.55 1.65 3.86 2.70 1.49 33.97 -1.60 0.19
