Car 0.0 0 1.82 408.85 183.68 500.85 242.80 1.53 1.68 3.94 -4.43 1.86 21.06 1.61 6.54
Car 0.0 0 -1.73 715.87 178.30 788.28 234.15 1.50 1.59 3.67 4.11 1.69 21.62 -1.54 5.45
Car 0.0 0 -1.80 744.16 182.29 855.95 261.57 1.48 1.56 3.52 3.90 1.69 15.41 -1.55 9.27
Car 0.0 0 -1.94 795.77 179.95 1013.28 311.62 1.51 1.61 3.72 3.83 1.62 10.21 -1.55 12.24
Car 0.0 0 -2.15 962.44 175.30 1030.22 206.54 1.48 1.50 3.43 19.63 1.63 36.88 -1.66 0.91
Car 0.0 0 1.78 465.71 181.60 526.38 226.53 1.51 1.55 3.72 -4.22 1.89 27.04 1.62 2.55
Car 0.0 0 -1.71 695.98 178.30 753.60 221.98 1.48 1.68 4.04 4.17 1.69 26.87 -1.55 1.83
Car 0.0 0 1.75 549.94 176.70 582.86 201.75 1.61 1.63 3.87 -2.95 1.90 49.26 1.69 0.90
Car 0.0 0 1.79 461.04 182.74 526.62 227.26 1.51 1.57 3.81 -4.30 1.91 27.19 1.63 1.25
Car 0.0 0 -1.67 689.07 176.65 735.71 212.92 1.53 1.68 4.07 4.61 1.72 33.19 -1.53 0.21
Car 0.0 0 -2.17 1017.43 174.25 1116.38 211.79 1.48 1.47 3.54 19.29 1.57 30.69 -1.61 0.37
Car 0.0 0 -1.65 683.62 176.68 724.85 209.60 1.51 1.63 3.88 4.64 1.73 35.87 -1.52 0.13
