Car 0.0 0 -1.81 674.40 192.17 760.95 250.25 1.43 1.59 3.71 2.82 1.98 19.97 -1.66 6.71
Car 0.0 0 -1.73 643.30 188.20 698.05 227.94 1.46 1.66 4.13 2.35 2.11 29.31 -1.64 2.77
Car 0.0 0 -2.76 215.30 191.31 426.61 268.32 1.50 1.62 3.95 -6.25 1.95 15.75 -3.14 6.24
Car 0.0 0 -2.86 290.03 190.06 455.89 247.33 1.48 1.58 4.06 -6.63 2.00 20.36 3.10 1.68
Car 0.0 0 -2.60 -5.71 196.00 318.38 306.18 1.44 1.57 3.91 -7.01 1.85 10.98 3.12 4.88
Car 0.0 0 -2.83 270.22 191.80 442.73 254.66 1.49 1.55 3.91 -6.62 2.03 18.90 3.12 1.74
Car 0.0 0 -2.53 -59.08 196.15 248.57 343.81 1.47 1.64 3.82 -6.72 1.81 8.56 3.13 6.59
Car 0.0 0 -2.96 416.95 186.68 521.62 222.60 1.47 1.67 4.32 -6.24 2.11 31.84 3.13 0.63
Car 0.0 0 -2.86 321.54 187.99 477.71 240.07 1.54 1.64 4.34 -6.64 2.06 23.01 3.14 0.76
Car 0.0 0 -2.99 422.44 186.66 522.13 222.35 1.49 1.65 4.33 -6.13 2.14 32.29 3.11 0.27
Car 0.0 0 0.29 365.12 189.64 489.30 233.18 1.51 1.61 4.28 -6.75 2.17 26.91 0.04 0.23
Car 0.0 0 -1.68 642.53 187.64 680.05 221.28 1.51 1.66 3.94 2.45 2.29 35.80 -1.61 0.18
Car 0.0 0 -3.10 486.07 184.56 540.85 211.48 1.54 1.73 4.20 -5.96 2.31 44.78 3.05 0.11
