Car 0.0 0 1.84 363.18 184.82 478.08 256.32 1.53 1.68 3.99 -4.52 1.84 17.73 1.59 7.98
Car 0.0 0 -1.77 726.48 181.06 819.94 247.37 1.50 1.62 3.74 4.00 1.72 18.39 -1.55 7.47
Car 0.0 0 -1.73 702.58 179.49 772.10 229.55 1.47 1.66 4.02 4.02 1.70 23.61 -1.55 4.43
Car 0.0 0 -1.85 767.81 184.89 931.72 287.62 1.47 1.63 3.91 3.87 1.69 12.37 -1.53 11.44
Car 0.0 0 1.80 436.42 182.75 512.11 233.89 1.50 1.60 3.85 -4.42 1.86 23.84 1.61 4.48
Car 0.0 0 -2.12 848.13 181.92 1214.79 379.40 1.52 1.57 3.42 3.69 1.64 7.17 -1.59 11.46
Car 0.0 0 1.77 475.53 181.86 533.26 221.54 1.48 1.61 3.90 -4.32 1.88 29.80 1.63 2.18
Car 0.0 0 -1.68 691.07 179.05 741.38 217.66 1.46 1.66 3.94 4.30 1.74 29.87 -1.53 0.92
Car 0.0 0 1.76 539.62 177.36 576.90 203.65 1.58 1.61 3.82 -3.27 1.90 46.12 1.68 0.98
Car 0.0 0 2.62 1027.47 175.35 1171.87 217.27 1.52 1.63 4.38 19.08 1.65 28.20 -3.07 0.16
Car 0.0 0 -2.61 865.69 175.52 929.78 202.95 1.48 1.44 3.55 16.94 1.68 42.78 -2.23 0.11
