Car 0.0 0 -1.71 664.42 182.26 726.33 231.60 1.46 1.60 3.57 2.65 1.78 23.60 -1.59 4.65
Car 0.0 0 2.70 841.92 156.38 1087.18 237.11 1.66 1.69 4.57 7.93 1.36 16.48 -3.12 4.35
Car 0.0 0 2.04 79.70 204.31 401.11 373.68 1.46 1.68 4.22 -3.89 1.86 8.48 1.57 10.59
Car 0.0 0 1.91 275.72 194.37 400.79 268.24 1.47 1.66 4.09 -6.22 2.00 16.83 1.55 2.20
Car 0.0 0 1.77 470.61 185.57 514.05 214.17 1.46 1.64 3.99 -6.47 2.19 39.93 1.61 1.55
Car 0.0 0 1.84 401.16 184.96 482.14 231.61 1.56 1.71 4.35 -6.16 2.02 26.77 1.61 1.99
Car 0.0 0 2.82 774.71 166.22 909.99 210.35 1.57 1.67 4.41 8.58 1.35 27.07 3.13 1.08
Car 0.0 0 -2.08 1003.06 155.98 1097.95 190.59 1.56 1.67 3.61 21.52 0.80 35.36 -1.53 0.33
Car 0.0 0 2.72 824.22 155.44 999.63 223.35 1.79 1.70 4.48 8.56 1.36 20.46 3.12 0.27
Car 0.0 0 2.78 788.12 166.81 910.46 212.49 1.58 1.65 4.31 8.66 1.40 26.52 3.10 0.14
Car 0.0 0 -2.13 1093.05 147.60 1179.24 190.40 1.81 1.71 3.50 24.36 0.73 33.24 -1.50 0.14
Car 0.0 0 -2.06 986.15 156.06 1089.09 192.16 1.57 1.69 3.77 20.28 0.85 34.42 -1.52 0.10
