Car 0.0 0 -0.14 690.13 171.47 774.02 204.59 1.51 1.64 3.72 5.89 1.47 35.17 0.03 1.21
Car 0.0 0 -0.36 740.29 176.57 867.77 224.28 1.42 1.63 3.95 6.20 1.58 23.52 -0.10 2.11
Car 0.0 0 0.46 296.78 167.64 455.00 228.36 1.48 1.62 3.87 -6.20 1.39 19.18 0.15 2.48
Car 0.0 0 -2.82 336.52 167.53 489.43 221.38 1.50 1.63 3.93 -5.92 1.38 21.81 -3.09 1.90
Car 0.0 0 -2.03 755.34 185.33 1107.81 379.10 1.47 1.64 3.97 2.69 1.59 7.18 -1.61 6.29
Car 0.0 0 -2.92 390.52 164.96 516.50 212.92 1.61 1.66 3.95 -5.63 1.37 26.02 -3.13 1.05
Car 0.0 0 0.59 -24.93 166.98 323.94 309.62 1.53 1.69 4.21 -6.03 1.49 8.73 0.03 3.90
Car 0.0 0 1.12 824.78 179.76 985.72 251.12 1.49 1.46 3.52 6.69 1.63 16.82 1.51 0.49
Car 0.0 0 0.21 455.79 166.71 539.87 197.90 1.57 1.71 4.13 -6.08 1.29 39.04 0.06 0.17
Car 0.0 0 0.55 78.74 157.56 373.98 272.58 1.57 1.60 4.01 -5.89 1.41 11.02 0.07 1.63
Car 0.0 0 0.55 117.48 148.66 395.25 269.73 1.66 1.65 4.05 -5.56 1.37 11.14 0.10 1.35
Car 0.0 0 -3.08 467.46 167.51 551.27 195.45 1.48 1.70 4.19 -5.69 1.22 41.13 3.07 0.18
Car 0.0 0 0.49 189.74 162.77 392.13 247.84 1.53 1.58 3.89 -6.30 1.38 14.35 0.07 0.58
Car 0.0 0 1.08 869.09 184.18 1072.48 278.08 1.48 1.48 3.47 6.30 1.68 13.17 1.54 0.38
