Car 0.0 0 -1.68 635.39 190.07 672.78 220.43 1.43 1.61 3.85 2.18 2.32 36.64 -1.62 1.34
Car 0.0 0 -0.39 801.23 193.59 1036.23 277.98 1.49 1.63 4.23 6.01 1.95 14.43 0.02 4.93
Car 0.0 0 2.74 745.97 190.79 906.85 251.48 1.47 1.68 4.29 5.64 2.01 19.25 3.03 2.92
Car 0.0 0 -2.71 123.49 188.69 365.95 277.19 1.48 1.58 3.85 -6.84 1.84 13.71 3.11 3.55
Car 0.0 0 0.38 237.01 179.44 441.46 255.92 1.72 1.70 4.17 -6.59 1.93 17.71 0.02 2.35
Car 0.0 0 -0.49 865.07 191.54 1167.71 300.27 1.51 1.58 3.97 6.31 1.85 11.48 0.03 3.12
Car 0.0 0 -2.65 1.05 193.21 355.81 303.30 1.46 1.61 4.18 -6.61 1.83 11.06 3.10 4.30
Car 0.0 0 -0.31 732.40 192.67 864.42 243.71 1.45 1.65 4.13 5.74 2.07 22.34 -0.05 0.74
Car 0.0 0 -2.96 371.46 188.15 498.82 233.62 1.45 1.60 3.94 -6.02 1.99 24.81 3.09 0.35
Car 0.0 0 0.31 296.93 183.77 462.49 247.20 1.64 1.66 4.14 -6.46 1.99 20.23 0.00 0.81
Car 0.0 0 -3.01 408.20 187.27 517.05 222.90 1.43 1.64 4.11 -6.34 2.08 31.08 3.07 0.18
Car 0.0 0 -2.79 200.44 189.21 391.07 264.63 1.51 1.59 3.63 -6.94 1.91 15.93 3.09 0.55
Car 0.0 0 0.25 425.63 187.79 521.11 219.51 1.41 1.65 4.18 -6.53 2.16 34.62 0.06 0.15
Car 0.0 0 -2.60 -51.37 194.53 225.25 333.70 1.50 1.59 3.64 -7.00 1.77 8.93 3.06 0.78
Car 0.0 0 -0.56 880.68 191.95 1193.94 308.74 1.55 1.60 4.01 6.38 1.87 10.89 -0.02 0.81
Car 0.0 0 -1.66 625.70 186.49 654.53 211.05 1.54 1.65 4.10 1.98 2.50 49.09 -1.61 0.11
Car 0.0 0 -0.54 907.77 191.94 1260.81 346.45 1.56 1.63 4.31 5.71 1.78 8.27 0.04 0.67
Car 0.0 0 -2.75 112.72 192.34 370.43 278.90 1.47 1.58 3.87 -7.02 1.89 13.84 3.06 0.75
Car 0.0 0 -0.53 905.11 185.52 1296.42 329.12 1.57 1.64 4.24 6.04 1.77 8.97 0.07 0.60
Car 0.0 0 -0.18 732.32 187.73 847.21 233.00 1.52 1.63 4.18 6.59 2.11 26.78 0.07 0.09
