Car 0.0 0 -0.47 803.33 180.74 1180.80 322.48 1.50 1.66 3.84 4.50 1.63 8.90 0.01 7.67
Car 0.0 0 -0.40 756.39 186.22 1052.53 288.58 1.45 1.61 4.12 4.52 1.72 11.70 -0.02 3.99
Car 0.0 0 -1.72 460.46 176.72 497.22 203.83 1.51 1.68 3.92 -7.95 1.78 43.34 -1.90 1.15
Car 0.0 0 0.35 177.70 173.28 359.26 244.44 1.62 1.65 3.70 -8.58 1.69 18.09 -0.09 1.70
Car 0.0 0 -2.72 92.72 170.41 329.26 257.54 1.66 1.67 3.92 -8.46 1.68 15.27 3.05 1.77
Car 0.0 0 -2.74 12.63 178.15 270.75 272.73 1.54 1.56 3.44 -8.44 1.68 13.09 2.97 1.36
Car 0.0 0 -2.74 22.77 176.67 269.23 272.78 1.56 1.56 3.44 -8.43 1.71 13.15 2.98 1.29
Car 0.0 0 -2.62 -68.89 181.95 253.29 302.30 1.50 1.65 4.00 -7.78 1.69 10.40 3.05 2.61
Car 0.0 0 1.56 1040.85 181.58 1099.93 209.32 1.45 1.67 3.69 26.39 1.99 41.53 2.13 0.09
Car 0.0 0 1.70 1127.62 187.30 1195.43 229.68 1.42 1.53 3.67 20.64 1.98 27.02 2.35 0.16
Car 0.0 0 -2.89 213.75 174.02 368.39 232.66 1.54 1.60 4.12 -9.20 1.61 20.70 2.98 0.18
