Car 0.0 0 1.86 291.80 206.44 459.12 319.17 1.52 1.61 3.82 -3.71 2.11 11.93 1.55 10.97
Car 0.0 0 -1.77 671.90 195.79 774.59 271.08 1.53 1.69 3.94 2.48 2.09 16.90 -1.61 7.04
Car 0.0 0 -1.85 710.37 193.70 895.16 322.42 1.58 1.65 3.78 2.62 1.92 10.84 -1.58 11.43
Car 0.0 0 -2.09 807.44 190.71 1217.16 396.81 1.54 1.65 3.74 2.92 1.79 6.06 -1.58 6.67
Car 0.0 0 1.72 473.41 200.10 529.51 240.95 1.50 1.60 3.87 -4.35 2.62 29.10 1.57 2.01
Car 0.0 0 1.77 405.83 204.48 497.23 271.88 1.45 1.61 3.86 -3.90 2.27 18.04 1.56 5.02
Car 0.0 0 -1.71 661.21 193.98 720.41 244.12 1.57 1.57 3.40 2.66 2.31 24.79 -1.60 0.74
Car 0.0 0 1.73 442.10 201.14 505.88 254.39 1.55 1.56 3.56 -4.40 2.50 23.51 1.55 0.80
Car 0.0 0 -1.70 623.65 192.41 658.09 219.26 1.61 1.61 3.68 1.93 2.92 46.51 -1.65 0.25
Car 0.0 0 -1.69 654.57 194.71 711.23 239.34 1.55 1.64 3.63 2.68 2.40 27.45 -1.58 0.18
