Car 0.0 0 1.81 433.43 181.93 494.81 221.81 1.47 1.67 3.81 -5.92 1.88 29.46 1.61 3.45
Car 0.0 0 -1.83 713.65 177.64 850.24 270.72 1.47 1.62 3.70 2.97 1.57 13.47 -1.60 9.88
Car 0.0 0 1.90 286.52 183.82 428.50 260.74 1.52 1.68 4.37 -5.74 1.80 16.81 1.56 4.80
Car 0.0 0 2.66 885.92 143.71 1161.28 226.02 1.60 1.65 4.49 8.70 1.06 15.49 -3.10 2.52
Car 0.0 0 1.75 464.98 180.23 511.00 213.07 1.48 1.62 3.74 -5.96 1.89 35.51 1.58 0.83
Car 0.0 0 1.76 465.45 180.54 509.55 213.81 1.47 1.61 3.76 -5.93 1.89 35.05 1.59 0.53
Car 0.0 0 -1.64 648.73 171.59 687.95 198.98 1.55 1.70 3.98 3.56 1.52 44.40 -1.56 0.31
Car 0.0 0 1.73 497.38 179.12 532.74 206.23 1.53 1.65 3.99 -5.85 1.97 44.65 1.60 0.25
Car 0.0 0 1.73 493.53 179.34 530.30 207.91 1.55 1.64 4.03 -5.83 1.99 43.01 1.60 0.18
Car 0.0 0 1.73 504.15 177.39 535.93 204.15 1.57 1.64 3.97 -5.78 1.93 46.52 1.61 0.10
Car 0.0 0 -0.33 716.18 162.77 851.92 214.13 1.75 1.77 4.46 6.53 1.40 26.79 -0.09 0.13
Car 0.0 0 -0.32 729.75 163.01 840.97 218.34 1.73 1.74 4.31 6.03 1.40 24.61 -0.08 0.10
