Car 0.0 0 -1.74 354.58 183.94 408.75 223.41 1.47 1.59 3.86 -9.35 1.93 29.17 -2.05 4.29
Car 0.0 0 -1.87 456.15 190.16 583.67 264.82 1.41 1.61 4.03 -2.21 1.79 15.88 -2.00 8.67
Car 0.0 0 1.76 149.54 185.71 198.44 218.19 1.51 1.66 3.81 -22.01 2.19 36.49 1.22 1.76
Car 0.0 0 2.96 515.76 168.50 613.50 207.05 1.63 1.65 4.05 -2.12 1.48 32.85 2.90 0.66
Car 0.0 0 1.12 994.49 162.35 1154.39 243.85 1.50 1.58 4.13 9.72 1.28 15.53 1.69 2.80
Car 0.0 0 -1.72 336.55 181.19 381.44 216.34 1.56 1.63 4.24 -12.22 1.99 34.83 -2.06 1.58
Car 0.0 0 -1.41 -70.02 203.58 109.34 309.43 1.42 1.65 3.76 -9.54 1.95 11.83 -2.10 1.72
Car 0.0 0 -2.12 618.88 153.75 971.16 345.49 1.75 1.73 4.59 1.75 1.54 8.35 -1.86 2.24
Car 0.0 0 -1.72 339.39 181.47 384.68 217.08 1.56 1.65 4.28 -11.95 1.99 34.47 -2.05 0.63
Car 0.0 0 -2.14 604.34 161.04 970.16 346.48 1.71 1.72 4.57 1.60 1.57 8.40 -1.90 1.10
Car 0.0 0 -2.17 842.48 161.71 998.33 233.68 1.54 1.61 4.19 7.18 1.30 17.36 -1.76 0.11
