Car 0.0 0 1.89 281.47 190.09 418.89 269.15 1.51 1.64 4.03 -5.73 1.92 16.28 1.55 7.74
Car 0.0 0 1.84 372.25 187.17 461.56 241.92 1.47 1.66 4.06 -5.83 1.94 22.07 1.57 5.90
Car 0.0 0 1.72 462.71 182.89 508.84 216.98 1.47 1.64 3.84 -5.83 1.98 34.12 1.55 2.05
Car 0.0 0 2.68 785.25 152.35 917.09 197.14 1.73 1.70 4.32 9.65 0.94 29.33 3.01 1.93
Car 0.0 0 -1.69 664.58 172.31 705.69 205.74 1.62 1.66 3.78 3.83 1.61 37.51 -1.59 0.50
Car 0.0 0 -0.63 1141.71 131.54 1281.15 176.02 1.60 1.67 3.52 23.04 0.11 27.70 0.07 0.54
Car 0.0 0 1.74 492.21 179.42 532.96 209.09 1.55 1.66 3.93 -5.53 1.98 41.18 1.61 0.33
Car 0.0 0 1.74 491.37 180.62 532.83 209.83 1.53 1.67 3.92 -5.54 2.00 40.96 1.61 0.28
Car 0.0 0 1.74 492.70 179.84 534.08 209.70 1.56 1.66 3.90 -5.50 2.00 41.15 1.61 0.32
Car 0.0 0 -0.35 752.36 157.67 856.13 193.27 1.63 1.71 4.46 9.31 0.94 34.87 -0.08 0.15
Car 0.0 0 -0.55 1088.17 136.29 1217.52 174.68 1.55 1.67 4.11 23.22 0.04 31.21 0.09 0.23
Car 0.0 0 -1.69 661.84 172.38 710.32 204.68 1.62 1.67 3.89 4.03 1.63 38.85 -1.58 0.13
Car 0.0 0 1.77 424.82 184.17 489.01 227.65 1.49 1.66 3.95 -5.84 1.95 27.58 1.57 0.65
Car 0.0 0 -2.10 1036.57 142.50 1122.44 174.03 1.49 1.64 3.60 24.00 0.01 37.03 -1.52 0.21
Car 0.0 0 -0.58 1103.15 132.94 1257.05 174.78 1.58 1.69 4.22 22.76 0.04 29.11 0.09 0.21
