Car 0.0 0 1.77 489.54 180.77 537.79 214.75 1.47 1.60 3.57 -4.49 1.86 33.84 1.64 3.36
Car 0.0 0 -1.76 719.34 181.62 819.43 252.47 1.46 1.65 3.93 3.61 1.69 17.08 -1.54 7.13
Car 0.0 0 -1.72 703.33 179.75 774.44 232.74 1.47 1.66 3.83 3.86 1.70 22.36 -1.54 4.02
Car 0.0 0 -2.10 862.15 182.44 1247.96 383.47 1.50 1.62 3.73 3.60 1.65 6.43 -1.55 8.51
Car 0.0 0 -1.89 755.25 182.81 938.30 291.80 1.47 1.64 4.06 3.61 1.65 11.81 -1.57 10.92
Car 0.0 0 -1.70 689.67 178.99 743.30 219.16 1.43 1.65 3.89 4.07 1.70 28.39 -1.55 2.41
Car 0.0 0 1.86 341.87 189.64 462.74 259.21 1.43 1.66 4.19 -4.85 1.85 17.29 1.58 6.24
Car 0.0 0 2.00 189.23 193.42 406.86 306.88 1.49 1.64 4.11 -4.84 1.85 11.80 1.59 8.31
Car 0.0 0 1.73 515.26 179.15 552.95 208.57 1.54 1.67 4.05 -4.24 1.92 40.54 1.63 1.25
Car 0.0 0 -2.73 946.05 175.62 1029.04 205.96 1.50 1.45 3.69 20.23 1.68 38.73 -2.25 0.21
Car 0.0 0 -2.30 1124.06 175.16 1261.38 228.79 1.48 1.59 3.86 18.15 1.59 22.15 -1.62 0.38
Car 0.0 0 2.00 190.94 194.27 406.77 307.73 1.50 1.64 4.08 -4.83 1.85 11.80 1.59 3.00
