Car 0.0 0 -1.69 635.13 184.19 671.38 214.91 1.42 1.60 3.82 2.09 2.01 36.04 -1.62 1.64
Car 0.0 0 2.75 741.80 185.56 895.08 244.59 1.50 1.67 4.20 5.69 1.90 20.10 3.03 3.17
Car 0.0 0 0.36 258.79 176.35 450.00 248.11 1.72 1.71 4.17 -6.60 1.86 18.73 0.02 2.10
Car 0.0 0 -2.65 57.61 187.80 371.54 288.78 1.47 1.62 4.13 -6.58 1.77 12.15 3.13 4.18
Car 0.0 0 -2.73 162.06 184.86 379.32 266.19 1.48 1.58 3.78 -6.84 1.76 14.73 3.12 3.27
Car 0.0 0 -2.74 167.54 184.09 383.38 266.85 1.50 1.57 3.74 -6.74 1.79 14.73 3.11 2.57
Car 0.0 0 -0.28 729.47 186.41 861.90 236.29 1.46 1.65 4.24 5.83 1.92 23.08 -0.03 0.67
Car 0.0 0 -3.01 386.71 183.49 509.94 223.00 1.39 1.63 4.18 -6.11 1.83 27.54 3.05 0.37
Car 0.0 0 -0.53 871.75 183.35 1204.75 309.99 1.60 1.64 4.28 6.03 1.74 10.17 0.00 1.65
Car 0.0 0 -0.36 798.10 189.10 996.20 266.92 1.48 1.62 4.07 5.96 1.84 15.28 0.02 1.35
Car 0.0 0 -0.47 845.83 187.17 1092.10 281.80 1.51 1.57 3.84 6.32 1.80 12.92 -0.01 1.13
Car 0.0 0 0.34 318.60 184.05 468.39 238.65 1.52 1.62 4.00 -6.51 1.88 21.74 0.05 0.63
Car 0.0 0 0.34 294.85 177.40 462.79 243.35 1.70 1.69 4.23 -6.41 1.86 20.03 0.03 0.49
Car 0.0 0 -2.58 -63.49 183.58 257.77 357.52 1.53 1.62 4.09 -5.77 1.64 7.41 3.09 0.83
Car 0.0 0 -3.03 428.42 183.23 523.45 215.48 1.40 1.62 4.19 -6.24 1.93 33.73 3.07 0.14
Car 0.0 0 -1.67 626.17 181.45 653.83 205.51 1.48 1.66 4.08 1.94 2.09 48.22 -1.62 0.12
Car 0.0 0 -0.30 721.94 181.52 815.62 230.83 1.63 1.64 3.88 5.75 2.00 26.73 -0.08 0.12
Car 0.0 0 -2.64 -37.30 186.51 253.60 321.65 1.52 1.61 3.78 -6.65 1.70 9.26 3.04 0.41
