Car 0.0 0 1.77 494.75 179.70 542.81 213.23 1.51 1.65 3.78 -4.40 1.86 35.06 1.65 3.24
Car 0.0 0 -2.03 837.15 186.83 1174.87 373.99 1.50 1.59 3.65 3.71 1.66 7.66 -1.52 14.82
Car 0.0 0 -1.75 714.36 179.40 806.90 245.98 1.48 1.66 3.94 3.64 1.65 18.19 -1.55 5.76
Car 0.0 0 -1.85 744.02 180.58 907.91 280.10 1.49 1.64 4.10 3.60 1.64 12.90 -1.56 10.82
Car 0.0 0 1.85 358.10 188.93 471.81 253.88 1.43 1.67 4.23 -4.87 1.86 18.52 1.59 5.50
Car 0.0 0 1.97 234.42 191.41 422.83 294.15 1.50 1.63 4.13 -4.83 1.85 12.93 1.60 9.48
Car 0.0 0 -1.71 701.58 178.23 768.49 229.19 1.48 1.63 3.64 3.90 1.67 23.24 -1.53 2.65
Car 0.0 0 -1.68 687.34 177.44 740.98 216.27 1.45 1.65 3.93 4.17 1.67 29.57 -1.53 1.70
Car 0.0 0 -2.69 934.05 172.80 1018.18 204.48 1.47 1.47 3.67 18.35 1.51 36.37 -2.22 0.36
Car 0.0 0 1.74 517.84 178.78 555.56 207.47 1.53 1.64 3.97 -4.18 1.90 41.44 1.64 0.89
Car 0.0 0 -2.31 1104.03 172.68 1247.58 225.12 1.50 1.58 3.73 17.80 1.50 22.75 -1.65 0.92
Car 0.0 0 2.19 50.32 196.76 310.81 377.15 1.52 1.68 4.28 -4.74 1.80 7.15 1.65 4.16
Car 0.0 0 1.00 1032.76 172.21 1138.73 208.86 1.48 1.60 4.17 20.51 1.49 31.42 1.59 0.18
