Car 0.0 0 -1.57 560.75 179.19 607.24 223.26 1.51 1.64 3.40 -0.94 1.31 26.96 -1.61 4.87
Car 0.0 0 -1.31 340.11 175.58 494.63 285.00 1.65 1.67 4.24 -3.30 1.52 13.06 -1.57 11.29
Car 0.0 0 -1.43 465.13 181.27 524.65 224.91 1.44 1.59 3.85 -4.08 1.33 26.26 -1.58 4.19
Car 0.0 0 -0.97 94.77 183.03 234.74 238.32 1.43 1.58 3.92 -12.92 1.38 21.05 -1.52 1.51
Car 0.0 0 2.01 237.60 183.37 310.62 223.59 1.41 1.48 3.37 -12.80 1.37 27.65 1.58 2.21
Car 0.0 0 -1.14 264.95 184.62 377.86 241.88 1.41 1.53 3.57 -7.93 1.42 20.00 -1.52 3.87
Car 0.0 0 -1.51 511.25 182.08 546.17 209.30 1.39 1.55 3.51 -4.38 1.26 39.80 -1.62 1.07
Car 0.0 0 -0.91 -23.15 177.30 197.20 316.31 1.63 1.72 4.31 -8.10 1.52 10.35 -1.54 1.51
Car 0.0 0 -1.50 516.45 182.31 546.80 209.64 1.41 1.55 3.59 -4.26 1.28 40.22 -1.60 0.31
Car 0.0 0 -1.59 571.25 178.47 603.79 211.24 1.56 1.61 3.83 -1.12 1.25 38.20 -1.61 0.17
