Car 0.0 0 -1.78 702.08 188.40 816.10 269.49 1.42 1.64 3.90 2.89 1.76 14.86 -1.58 6.81
Car 0.0 0 -0.32 765.79 176.33 931.14 239.29 1.58 1.68 3.95 6.45 1.71 19.75 -0.00 3.99
Car 0.0 0 -2.87 280.75 180.59 464.26 241.76 1.49 1.63 4.17 -6.26 1.72 19.23 3.10 1.42
Car 0.0 0 0.53 108.71 175.42 409.83 282.13 1.57 1.59 3.86 -5.76 1.68 12.09 0.08 4.11
Car 0.0 0 0.59 14.38 180.78 350.05 308.70 1.52 1.61 3.75 -5.88 1.71 9.97 0.05 4.14
Car 0.0 0 -3.01 390.45 179.28 503.25 220.80 1.53 1.68 3.97 -6.38 1.81 28.30 3.05 0.61
Car 0.0 0 0.44 245.42 178.69 456.60 251.91 1.52 1.62 4.07 -5.90 1.70 16.56 0.10 1.83
Car 0.0 0 -0.14 698.42 178.64 765.84 214.26 1.56 1.76 4.09 5.75 1.89 34.39 0.02 0.26
Car 0.0 0 -1.66 637.33 179.79 666.91 205.02 1.44 1.61 3.76 2.55 1.90 44.53 -1.60 0.43
Car 0.0 0 0.33 343.83 180.99 482.09 231.82 1.50 1.60 3.95 -6.29 1.78 23.05 0.07 0.35
Car 0.0 0 0.42 202.99 178.76 416.32 264.33 1.58 1.59 3.78 -6.05 1.75 14.69 0.02 0.91
Car 0.0 0 -2.99 447.27 180.68 534.38 212.54 1.42 1.63 4.17 -5.71 1.82 34.41 3.13 0.13
Car 0.0 0 -2.96 379.04 178.95 501.60 222.89 1.53 1.64 3.83 -6.31 1.79 26.96 3.09 0.14
Car 0.0 0 -2.98 390.63 179.13 497.91 222.37 1.52 1.63 3.72 -6.32 1.80 27.22 3.08 0.11
Car 0.0 0 -3.05 457.53 180.35 538.94 209.95 1.40 1.64 4.19 -5.66 1.82 36.88 3.08 0.09
Car 0.0 0 2.16 154.69 178.67 236.10 219.85 1.46 1.52 3.98 -17.05 1.82 29.68 1.64 0.08
Car 0.0 0 0.49 94.83 182.19 414.74 284.91 1.52 1.59 3.84 -5.93 1.74 12.16 0.03 0.79
