Car 0.0 0 -1.83 677.69 178.08 855.51 298.47 1.58 1.60 3.73 2.20 1.68 11.43 -1.62 8.94
Car 0.0 0 2.00 175.62 195.01 455.01 370.74 1.45 1.60 3.68 -2.96 1.74 8.08 1.61 10.68
Car 0.0 0 -2.79 284.30 182.34 425.87 246.16 1.49 1.51 3.74 -6.66 1.77 19.00 -3.13 0.44
Car 0.0 0 1.99 142.99 184.58 375.01 276.40 1.46 1.63 4.02 -6.47 1.73 13.47 1.53 1.51
Car 0.0 0 0.43 389.39 180.01 500.41 220.45 1.44 1.63 4.13 -6.40 1.74 27.78 0.21 0.36
Car 0.0 0 1.46 622.51 178.70 652.22 203.48 1.45 1.56 3.51 1.68 1.84 45.59 1.50 0.78
Car 0.0 0 1.34 693.83 179.96 749.96 212.89 1.44 1.53 3.56 5.35 1.83 34.82 1.50 0.17
Car 0.0 0 0.25 408.22 179.60 504.14 215.98 1.43 1.61 4.26 -6.65 1.77 31.30 0.04 0.14
Car 0.0 0 -2.84 318.17 183.05 448.52 234.33 1.47 1.52 3.83 -7.19 1.83 22.67 3.14 0.21
Car 0.0 0 0.21 446.43 172.88 531.48 204.97 1.57 1.70 4.28 -6.54 1.65 39.19 0.05 0.09
Car 0.0 0 -2.91 398.65 180.36 504.35 217.94 1.43 1.58 4.12 -6.56 1.78 29.92 -3.13 0.10
Car 0.0 0 -3.06 461.05 173.80 535.51 202.52 1.53 1.70 4.25 -6.57 1.68 42.87 3.07 0.08
