Car 0.0 0 -1.76 678.47 178.25 749.40 227.39 1.42 1.60 3.90 3.19 1.60 23.17 -1.61 3.76
Car 0.0 0 -1.88 710.13 181.75 893.20 297.19 1.50 1.66 4.39 2.78 1.67 11.57 -1.62 10.74
Car 0.0 0 0.48 211.40 184.18 446.99 258.84 1.40 1.65 4.25 -5.87 1.69 15.28 0.11 4.31
Car 0.0 0 -1.68 651.00 169.65 687.36 201.64 1.67 1.68 4.04 3.24 1.53 40.36 -1.60 1.13
Car 0.0 0 -2.79 305.44 171.04 447.33 227.73 1.74 1.72 4.11 -7.85 1.73 24.15 -3.10 0.48
Car 0.0 0 -2.25 428.07 179.40 513.03 218.09 1.39 1.58 3.59 -5.50 1.69 28.46 -2.44 0.22
Car 0.0 0 -3.02 454.29 173.73 546.59 208.01 1.52 1.65 4.01 -5.27 1.60 34.77 3.11 0.12
Car 0.0 0 -3.04 472.51 173.47 549.88 204.02 1.53 1.67 3.95 -5.39 1.61 39.53 3.11 0.13
Car 0.0 0 -2.78 302.04 172.84 447.75 225.47 1.59 1.66 4.05 -7.74 1.64 23.54 -3.10 0.25
Car 0.0 0 0.68 -67.39 183.67 269.59 351.29 1.46 1.60 3.99 -6.01 1.61 7.51 0.07 1.13
Car 0.0 0 -3.02 467.58 173.61 552.56 205.70 1.56 1.68 4.06 -5.33 1.66 38.38 3.13 0.10
Car 0.0 0 -3.09 503.31 173.43 549.38 201.89 1.52 1.66 3.86 -4.87 1.63 42.27 3.08 0.07
