Car 0.0 0 -1.76 656.92 179.65 722.39 227.55 1.48 1.62 3.94 2.67 1.31 24.71 -1.64 5.15
Car 0.0 0 -1.45 446.44 178.71 514.42 232.42 1.48 1.62 3.58 -3.87 1.31 22.03 -1.63 5.39
Car 0.0 0 -1.25 269.10 182.51 455.79 297.78 1.50 1.62 3.93 -3.77 1.49 11.50 -1.58 11.53
Car 0.0 0 -1.82 710.11 185.23 841.01 280.71 1.47 1.59 3.53 2.86 1.49 13.10 -1.59 11.05
Car 0.0 0 -1.49 483.71 179.09 534.14 217.83 1.47 1.64 3.83 -4.06 1.24 29.80 -1.63 2.05
Car 0.0 0 -1.10 113.38 176.06 295.60 266.67 1.59 1.57 3.67 -8.23 1.45 14.80 -1.61 4.86
Car 0.0 0 -1.43 435.14 177.88 488.26 215.27 1.52 1.59 3.60 -6.39 1.23 31.61 -1.63 0.18
Car 0.0 0 -1.41 382.17 179.63 443.47 218.72 1.47 1.55 3.77 -8.02 1.27 29.70 -1.67 0.09
Car 0.0 0 -1.64 582.65 177.41 611.90 202.77 1.52 1.66 3.85 -0.72 1.05 46.52 -1.65 0.34
Car 0.0 0 -1.63 633.91 177.15 663.47 202.70 1.51 1.61 3.63 2.58 1.04 46.08 -1.57 0.17
