Car 0.0 0 2.23 734.14 180.10 842.17 228.61 1.46 1.61 4.02 5.61 1.69 23.27 2.47 0.60
Car 0.0 0 -1.67 637.00 178.80 667.66 205.33 1.42 1.57 3.69 2.40 1.79 41.74 -1.61 1.02
Car 0.0 0 -0.46 802.35 173.59 1007.73 251.29 1.59 1.66 4.10 6.63 1.65 16.37 -0.08 3.17
Car 0.0 0 -1.85 730.53 184.63 912.09 309.99 1.50 1.62 3.72 2.81 1.68 10.64 -1.56 6.66
Car 0.0 0 -0.14 712.17 178.09 819.07 218.43 1.49 1.71 4.31 6.08 1.72 28.65 0.07 0.52
Car 0.0 0 -2.79 179.84 179.05 420.00 261.04 1.50 1.59 4.00 -6.25 1.67 14.77 3.09 1.74
Car 0.0 0 -2.84 233.80 179.80 440.00 246.12 1.47 1.59 4.19 -6.54 1.66 17.56 3.08 1.89
Car 0.0 0 0.65 -50.77 182.72 340.91 337.63 1.48 1.62 4.04 -5.71 1.66 8.03 0.08 4.09
Car 0.0 0 0.33 354.14 171.58 495.12 226.49 1.72 1.73 4.30 -6.27 1.72 24.24 0.08 0.87
Car 0.0 0 0.51 62.67 172.83 369.44 289.97 1.55 1.56 3.84 -5.79 1.61 10.70 0.01 1.48
Car 0.0 0 -2.83 306.13 178.49 459.73 234.57 1.52 1.58 3.70 -6.71 1.71 21.29 -3.13 0.30
Car 0.0 0 -3.02 428.89 178.33 528.83 212.35 1.40 1.61 4.14 -5.80 1.68 32.03 3.09 0.17
Car 0.0 0 2.23 736.50 179.85 843.29 230.57 1.47 1.57 3.64 5.51 1.69 22.49 2.47 0.26
Car 0.0 0 0.23 462.15 177.74 539.29 206.50 1.41 1.61 4.13 -5.74 1.71 38.17 0.08 0.12
Car 0.0 0 -2.93 403.06 179.70 505.47 220.03 1.47 1.59 3.77 -6.16 1.77 28.46 -3.14 0.13
Car 0.0 0 0.55 38.03 175.49 347.55 296.90 1.55 1.54 3.60 -6.01 1.64 10.36 0.03 0.94
Car 0.0 0 -2.72 122.05 176.43 410.90 275.05 1.53 1.60 4.01 -6.02 1.64 12.67 3.12 1.10
Car 0.0 0 -0.33 738.07 179.23 904.82 232.60 1.52 1.58 3.97 6.44 1.73 22.14 -0.05 0.15
Car 0.0 0 0.57 -31.23 181.11 320.59 319.15 1.50 1.57 3.80 -5.95 1.64 9.06 0.00 0.42
