Car 0.0 0 -1.73 529.84 187.90 588.23 232.52 1.50 1.60 3.79 -1.99 2.06 26.47 -1.80 4.79
Car 0.0 0 -1.88 638.36 199.02 823.09 304.83 1.39 1.58 3.89 1.62 1.82 11.62 -1.71 12.66
Car 0.0 0 1.77 349.68 190.48 393.28 222.24 1.48 1.64 3.69 -12.05 2.40 36.59 1.45 1.88
Car 0.0 0 2.86 713.42 171.69 823.31 216.21 1.71 1.68 4.16 6.49 1.71 30.04 3.08 0.46
Car 0.0 0 2.00 12.09 216.49 244.39 340.52 1.40 1.64 3.49 -6.72 2.05 10.33 1.41 4.81
Car 0.0 0 -1.66 517.46 186.87 559.27 222.58 1.53 1.60 4.06 -3.41 2.21 33.66 -1.76 1.44
Car 0.0 0 -2.56 672.25 181.63 745.56 210.76 1.48 1.46 3.49 5.55 2.05 40.90 -2.43 0.22
Car 0.0 0 0.42 150.93 197.96 232.87 228.10 1.59 1.53 4.09 -24.57 3.11 42.46 -0.11 0.12
Car 0.0 0 0.44 149.51 197.13 230.70 226.34 1.60 1.53 4.09 -25.69 3.14 43.96 -0.09 0.10
Car 0.0 0 -2.55 672.20 182.82 739.46 212.46 1.47 1.44 3.49 5.34 2.11 40.44 -2.41 0.11
