Car 0.0 0 -0.29 693.94 178.76 889.69 249.76 1.50 1.65 3.87 4.08 1.69 16.85 -0.05 5.75
Car 0.0 0 -2.83 187.57 176.48 376.83 244.18 1.49 1.67 4.00 -7.92 1.63 17.67 3.03 5.95
Car 0.0 0 0.50 1.64 178.59 304.81 276.60 1.50 1.63 4.39 -8.07 1.63 12.63 -0.06 3.56
Car 0.0 0 -2.89 245.30 170.76 391.81 231.96 1.69 1.68 4.02 -8.82 1.66 21.82 3.01 0.89
Car 0.0 0 -0.63 868.90 184.92 1189.73 370.89 1.49 1.66 3.87 4.34 1.62 6.38 -0.10 3.65
Car 0.0 0 -0.28 675.87 181.14 829.60 239.78 1.47 1.60 3.90 3.84 1.73 20.04 -0.08 1.38
Car 0.0 0 -2.59 -78.56 182.67 233.49 302.51 1.46 1.65 3.99 -7.69 1.61 9.94 3.06 2.36
Car 0.0 0 -2.90 238.50 173.66 392.74 231.43 1.57 1.65 3.86 -8.74 1.63 21.35 2.99 0.71
Car 0.0 0 -1.66 462.56 175.33 494.43 199.87 1.54 1.65 3.80 -9.00 1.75 49.04 -1.84 0.37
Car 0.0 0 -2.91 274.41 171.46 399.16 226.85 1.63 1.63 3.85 -8.76 1.62 23.08 3.01 0.28
