Car 0.0 0 -1.75 686.06 181.17 775.89 246.56 1.43 1.60 3.55 2.83 1.65 17.89 -1.58 7.41
Car 0.0 0 1.78 454.19 183.49 503.82 217.46 1.48 1.66 3.84 -6.18 2.01 34.30 1.60 2.46
Car 0.0 0 2.07 90.45 200.01 322.97 316.38 1.50 1.63 3.89 -6.38 1.98 11.82 1.56 8.76
Car 0.0 0 1.84 353.16 183.22 461.45 243.19 1.60 1.72 4.49 -6.08 1.94 22.03 1.57 2.99
Car 0.0 0 2.76 823.94 158.96 1004.23 217.79 1.60 1.66 4.43 8.75 1.26 21.11 -3.12 2.29
Car 0.0 0 2.44 991.51 150.35 1264.57 266.36 1.50 1.65 4.28 8.19 1.29 10.85 3.06 3.37
Car 0.0 0 1.72 480.97 182.02 517.71 210.67 1.49 1.63 4.02 -6.28 2.06 41.12 1.57 0.37
Car 0.0 0 2.67 942.62 139.07 1207.35 243.37 1.75 1.66 4.28 8.34 1.20 13.15 -3.04 0.50
Car 0.0 0 1.74 491.51 180.45 526.96 208.28 1.55 1.66 4.12 -6.14 2.08 44.24 1.60 0.13
Car 0.0 0 2.76 843.99 160.13 981.14 205.07 1.63 1.62 4.36 12.15 1.24 29.07 -3.13 0.08
