Car 0.0 0 -1.79 692.51 177.50 785.59 240.37 1.49 1.68 4.36 3.29 1.63 19.42 -1.61 7.20
Car 0.0 0 -1.71 666.50 175.61 720.08 217.37 1.54 1.61 3.82 3.22 1.67 28.90 -1.59 3.02
Car 0.0 0 1.25 732.64 179.30 872.10 271.69 1.48 1.59 3.72 3.41 1.61 13.65 1.51 10.98
Car 0.0 0 1.93 333.00 184.96 449.72 250.21 1.46 1.64 3.94 -5.53 1.80 18.59 1.64 5.27
Car 0.0 0 2.12 10.98 198.46 304.95 342.81 1.46 1.56 3.70 -5.65 1.84 9.54 1.56 8.63
Car 0.0 0 1.75 464.34 175.30 512.43 211.71 1.59 1.66 3.84 -5.72 1.73 34.15 1.59 1.92
Car 0.0 0 0.65 67.83 186.94 222.97 238.90 1.47 1.56 4.24 -14.67 1.94 22.68 0.08 0.13
Car 0.0 0 -1.69 662.47 175.44 707.66 213.76 1.60 1.68 4.18 3.34 1.76 33.09 -1.59 0.27
Car 0.0 0 1.71 487.30 177.00 525.73 204.89 1.44 1.68 4.13 -5.81 1.71 40.74 1.56 0.32
Car 0.0 0 0.63 68.11 187.57 259.08 254.58 1.47 1.57 4.29 -11.06 1.84 17.95 0.07 0.08
Car 0.0 0 1.69 488.32 176.49 524.85 204.81 1.44 1.66 4.13 -5.78 1.71 40.34 1.55 0.25
