Car 0.0 0 -1.65 660.73 176.44 716.35 220.35 1.44 1.60 3.79 2.78 1.60 26.28 -1.54 2.56
Car 0.0 0 -1.81 710.55 166.24 871.68 291.46 1.73 1.71 4.20 2.75 1.65 12.08 -1.56 6.37
Car 0.0 0 0.41 326.78 174.31 481.11 232.31 1.51 1.60 3.87 -5.89 1.59 20.54 0.13 2.21
Car 0.0 0 -2.96 388.05 171.73 509.05 214.11 1.49 1.66 4.28 -6.13 1.48 27.42 3.10 0.43
Car 0.0 0 -2.71 148.28 160.62 396.05 268.28 1.73 1.67 4.01 -6.01 1.58 12.94 3.14 3.35
Car 0.0 0 0.59 20.43 169.92 366.76 294.02 1.49 1.60 4.10 -5.82 1.53 10.14 0.07 2.99
Car 0.0 0 0.34 359.43 173.17 500.34 224.35 1.49 1.64 4.28 -5.72 1.53 22.84 0.10 0.88
Car 0.0 0 -2.76 247.33 175.26 428.03 243.74 1.53 1.56 3.69 -6.57 1.59 17.47 -3.12 0.44
Car 0.0 0 -2.98 419.22 171.87 520.31 207.03 1.49 1.64 4.01 -6.39 1.49 33.03 3.11 0.07
Car 0.0 0 -1.66 700.57 171.48 795.15 244.75 1.64 1.59 3.75 3.46 1.64 18.68 -1.47 0.20
Car 0.0 0 -3.08 462.69 172.88 540.90 200.16 1.43 1.67 4.14 -6.16 1.48 41.17 3.06 0.07
Car 0.0 0 -2.91 384.89 173.59 505.84 218.02 1.47 1.61 4.18 -5.99 1.54 26.13 -3.14 0.07
