Car 0.0 0 -0.50 830.61 183.52 1253.59 349.16 1.52 1.68 3.83 4.62 1.64 7.67 0.04 7.13
Car 0.0 0 -1.71 464.10 176.63 501.12 204.72 1.54 1.66 3.85 -7.57 1.80 42.48 -1.89 1.06
Car 0.0 0 -2.70 49.57 170.97 322.81 267.06 1.67 1.69 4.01 -8.35 1.70 14.13 3.05 2.14
Car 0.0 0 -0.45 781.85 186.56 1125.06 305.06 1.47 1.60 4.20 4.65 1.71 10.30 -0.01 2.95
Car 0.0 0 0.41 160.26 173.57 350.96 249.90 1.63 1.66 3.69 -8.39 1.70 17.10 -0.05 1.63
Car 0.0 0 -2.68 -30.04 175.10 247.40 284.31 1.56 1.56 3.34 -8.18 1.67 11.74 2.99 1.50
Car 0.0 0 -2.55 -55.64 178.59 237.04 318.61 1.49 1.63 4.08 -7.27 1.65 9.09 3.11 2.87
Car 0.0 0 -2.68 -49.92 184.04 238.64 286.90 1.47 1.56 3.36 -8.52 1.69 11.82 2.98 0.73
Car 0.0 0 0.35 196.07 173.34 366.46 229.25 1.51 1.56 3.99 -9.48 1.56 21.01 -0.08 0.24
Car 0.0 0 1.63 1067.79 183.94 1125.21 214.64 1.46 1.57 3.60 25.77 2.08 38.26 2.22 0.09
