Car 0.0 0 -1.74 629.73 179.81 687.07 222.66 1.43 1.63 4.12 1.65 1.71 26.55 -1.67 3.88
Car 0.0 0 -2.79 329.71 179.10 469.61 228.90 1.46 1.58 3.97 -6.69 1.69 22.86 -3.08 1.11
Car 0.0 0 2.47 884.23 177.77 1185.37 325.23 1.54 1.66 4.29 5.72 1.67 8.93 3.01 5.10
Car 0.0 0 -2.80 291.25 179.76 448.35 237.23 1.49 1.58 3.90 -6.75 1.72 20.22 -3.12 0.80
Car 0.0 0 -1.68 611.80 175.36 645.99 204.11 1.49 1.60 3.82 1.00 1.68 40.81 -1.65 0.68
Car 0.0 0 -0.46 808.49 186.99 1115.30 291.17 1.45 1.62 4.28 5.36 1.72 11.51 -0.00 3.06
Car 0.0 0 -2.90 384.76 178.19 494.38 219.53 1.46 1.55 3.90 -6.49 1.69 27.43 -3.13 0.16
Car 0.0 0 -3.02 450.44 180.11 500.96 209.37 1.44 1.52 3.53 -7.12 1.86 38.32 3.08 0.15
Car 0.0 0 0.64 -12.16 157.11 307.81 307.00 1.66 1.67 4.20 -6.36 1.52 9.23 0.07 1.29
Car 0.0 0 -0.50 808.02 187.62 1094.19 291.79 1.45 1.58 4.13 5.20 1.72 11.54 -0.06 1.07
