Car 0.0 0 -1.68 331.46 211.11 378.72 249.07 1.44 1.56 3.50 -10.66 3.04 29.94 -2.02 2.16
Car 0.0 0 -1.82 432.73 211.65 557.47 297.34 1.50 1.59 3.73 -2.54 2.30 14.68 -1.98 7.17
Car 0.0 0 -1.76 378.33 201.68 466.79 273.07 1.69 1.65 4.00 -5.14 2.49 19.27 -2.02 4.56
Car 0.0 0 -1.96 487.40 214.86 717.15 345.77 1.50 1.68 4.17 -0.44 2.11 10.35 -1.97 10.56
Car 0.0 0 1.80 17.56 231.91 155.50 322.23 1.42 1.58 3.55 -9.94 2.60 13.79 1.17 3.55
Car 0.0 0 -2.15 591.95 200.68 1021.41 404.81 1.51 1.63 3.65 1.40 1.81 5.74 -1.89 5.01
Car 0.0 0 1.68 191.27 213.76 228.93 241.32 1.49 1.55 3.80 -23.60 3.95 42.50 1.17 0.30
Car 0.0 0 -1.72 348.48 207.81 413.35 258.16 1.55 1.56 3.40 -7.83 2.74 24.37 -2.03 0.28
Car 0.0 0 -1.71 308.67 209.27 346.81 237.27 1.50 1.63 3.62 -16.40 3.65 41.73 -2.08 0.21
Car 0.0 0 1.69 133.77 207.35 203.99 270.67 1.73 1.58 3.92 -13.57 2.83 22.21 1.14 0.29
Car 0.0 0 -1.66 318.79 210.21 358.75 240.45 1.48 1.65 3.70 -14.51 3.50 38.45 -2.02 0.10
