Car 0.0 0 -1.75 655.06 172.90 723.41 227.80 1.68 1.64 3.91 2.54 1.72 24.43 -1.64 3.74
Car 0.0 0 -1.83 696.19 184.52 832.49 274.46 1.45 1.62 3.78 2.71 1.68 13.72 -1.62 10.70
Car 0.0 0 0.57 53.75 174.15 359.28 280.61 1.52 1.67 4.11 -6.75 1.63 12.16 0.06 6.28
Car 0.0 0 -2.80 342.73 178.52 486.48 228.03 1.50 1.61 4.27 -6.40 1.72 23.78 -3.06 1.15
Car 0.0 0 0.32 241.00 164.26 448.89 249.33 1.82 1.76 4.31 -6.09 1.67 16.82 -0.03 2.87
Car 0.0 0 -3.01 417.29 178.59 509.64 213.73 1.46 1.65 4.10 -6.55 1.74 32.09 3.07 0.31
Car 0.0 0 -3.02 443.11 175.18 530.19 210.00 1.54 1.66 3.84 -5.91 1.69 34.32 3.09 0.21
Car 0.0 0 -1.70 646.86 174.95 691.79 213.58 1.52 1.58 3.71 2.47 1.66 31.23 -1.62 0.23
Car 0.0 0 0.30 318.85 172.80 475.89 237.67 1.64 1.67 4.07 -5.88 1.68 19.90 0.02 0.34
Car 0.0 0 -3.04 480.72 174.34 550.22 201.15 1.57 1.67 3.84 -6.01 1.72 46.03 3.12 0.13
Car 0.0 0 -2.96 379.32 179.40 497.15 221.56 1.49 1.62 4.14 -6.55 1.76 27.44 3.09 0.18
Car 0.0 0 -1.67 637.85 175.49 670.33 203.73 1.46 1.59 3.86 2.44 1.66 41.07 -1.61 0.10
