Car 0.0 0 1.91 311.26 190.38 453.70 277.55 1.45 1.56 3.81 -4.43 1.84 14.43 1.61 8.83
Car 0.0 0 1.84 395.60 182.80 498.03 247.67 1.47 1.65 4.04 -4.18 1.76 18.92 1.62 6.08
Car 0.0 0 2.06 89.62 182.33 380.20 346.67 1.63 1.62 4.02 -4.54 1.78 9.36 1.58 9.68
Car 0.0 0 -1.75 717.44 168.56 796.39 232.71 1.72 1.65 3.92 4.22 1.63 21.56 -1.55 2.53
Car 0.0 0 1.77 555.83 176.97 590.99 202.30 1.51 1.61 3.73 -2.28 1.79 45.97 1.72 1.46
Car 0.0 0 -1.68 712.02 174.47 766.41 219.67 1.54 1.59 3.64 4.77 1.64 27.32 -1.50 0.24
Car 0.0 0 -1.65 700.21 173.82 736.14 205.07 1.51 1.58 3.50 5.65 1.60 38.24 -1.50 0.07
Car 0.0 0 0.81 37.48 173.81 160.38 228.22 1.63 1.61 4.39 -17.02 1.69 23.53 0.20 0.27
Car 0.0 0 -1.61 690.80 173.50 724.73 200.37 1.52 1.60 3.52 5.98 1.61 44.48 -1.47 0.08
Car 0.0 0 -1.65 701.20 174.18 746.68 207.65 1.52 1.57 3.49 5.60 1.61 36.08 -1.49 0.05
