Car 0.0 0 -1.81 675.12 182.53 781.65 254.07 1.46 1.65 4.20 2.59 1.70 16.93 -1.65 7.14
Car 0.0 0 -1.70 660.26 179.32 711.43 218.93 1.40 1.58 3.78 2.83 1.68 28.10 -1.59 1.63
Car 0.0 0 0.38 329.48 181.92 483.65 235.98 1.42 1.66 3.95 -5.86 1.72 20.85 0.11 2.90
Car 0.0 0 -2.05 776.99 195.50 1114.54 382.59 1.42 1.56 3.38 2.87 1.69 7.14 -1.61 8.33
Car 0.0 0 -2.58 -9.30 190.43 328.29 307.36 1.44 1.62 3.99 -6.51 1.74 10.44 -3.14 5.06
Car 0.0 0 -2.69 117.81 179.72 375.65 273.46 1.51 1.60 4.00 -6.66 1.70 13.31 3.13 3.44
Car 0.0 0 0.43 188.71 180.70 401.11 259.57 1.49 1.59 4.02 -6.65 1.72 15.39 0.02 1.41
Car 0.0 0 -3.04 462.12 176.73 539.62 208.37 1.46 1.68 3.82 -5.54 1.70 36.49 3.09 0.20
Car 0.0 0 -2.87 368.61 173.71 488.73 219.82 1.58 1.64 3.96 -6.71 1.65 26.62 -3.12 0.25
Car 0.0 0 -3.02 466.13 174.75 544.48 206.31 1.53 1.65 3.87 -5.55 1.69 38.41 3.12 0.12
Car 0.0 0 -2.05 -35.36 196.49 228.50 347.15 1.46 1.59 3.77 -6.38 1.69 8.03 -2.67 1.50
Car 0.0 0 -1.68 641.35 171.57 670.96 199.67 1.60 1.63 3.87 2.79 1.58 44.49 -1.62 0.27
Car 0.0 0 0.30 401.50 172.71 511.21 214.58 1.61 1.70 4.04 -6.31 1.65 29.58 0.09 0.22
Car 0.0 0 -2.87 368.46 173.58 488.31 218.49 1.61 1.66 4.04 -6.90 1.67 27.60 -3.11 0.20
Car 0.0 0 -3.02 471.24 174.94 548.42 206.30 1.53 1.65 3.98 -5.39 1.70 38.87 3.12 0.07
Car 0.0 0 -2.69 123.76 182.05 360.19 275.17 1.50 1.58 3.93 -6.80 1.73 13.31 3.12 0.97
