Car 0.0 0 1.85 318.29 192.70 473.24 289.52 1.48 1.69 4.18 -3.82 1.87 13.48 1.56 8.59
Car 0.0 0 1.77 429.84 187.87 509.22 242.31 1.43 1.63 4.10 -4.14 1.91 21.64 1.58 4.30
Car 0.0 0 -1.65 638.83 179.51 677.35 212.40 1.46 1.60 3.73 2.24 1.80 34.62 -1.58 1.58
Car 0.0 0 2.82 742.92 160.45 889.53 209.29 1.71 1.73 4.67 7.53 1.31 26.98 3.10 1.75
Car 0.0 0 2.08 99.60 206.13 315.87 306.18 1.44 1.53 3.80 -6.91 2.05 12.74 1.57 5.95
Car 0.0 0 -2.05 918.50 151.95 970.46 179.36 1.70 1.72 3.45 22.23 0.37 48.10 -1.62 0.37
Car 0.0 0 1.69 491.67 182.47 522.39 207.85 1.51 1.58 3.64 -6.71 2.17 47.05 1.55 0.20
Car 0.0 0 -2.02 908.02 154.55 956.17 179.89 1.61 1.71 3.62 21.92 0.43 49.38 -1.60 0.20
Car 0.0 0 1.69 491.05 182.34 522.50 207.62 1.51 1.58 3.56 -6.74 2.19 47.24 1.54 0.12
Car 0.0 0 -0.21 721.44 162.75 825.10 201.72 1.65 1.65 4.49 7.39 1.25 32.56 0.01 0.07
Car 0.0 0 1.69 490.59 182.40 523.25 207.59 1.50 1.57 3.56 -6.70 2.18 47.15 1.55 0.10
