Car 0.0 0 -1.78 679.14 182.54 784.52 256.27 1.41 1.62 3.99 2.54 1.65 16.09 -1.61 5.80
Car 0.0 0 1.09 754.30 180.13 898.91 236.43 1.49 1.63 4.07 6.01 1.70 20.76 1.38 0.97
Car 0.0 0 0.49 287.35 174.44 471.50 239.72 1.49 1.64 3.96 -5.83 1.58 18.26 0.18 3.31
Car 0.0 0 0.67 -27.02 171.78 327.53 316.62 1.51 1.64 4.25 -5.89 1.55 8.88 0.11 4.69
Car 0.0 0 -0.09 670.90 174.08 730.14 203.45 1.51 1.65 3.59 4.98 1.60 39.99 0.04 0.34
Car 0.0 0 -2.60 176.77 170.71 373.00 259.64 1.56 1.56 3.63 -6.58 1.56 14.02 -3.03 1.17
Car 0.0 0 0.51 125.47 172.91 357.11 269.62 1.51 1.58 3.99 -6.55 1.56 12.63 0.04 1.14
Car 0.0 0 -2.95 416.32 174.10 518.54 211.09 1.45 1.61 4.00 -6.07 1.55 30.56 3.14 0.37
Car 0.0 0 -2.98 449.78 173.70 538.85 207.18 1.49 1.63 4.03 -5.53 1.57 34.45 -3.14 0.19
Car 0.0 0 -3.06 472.99 172.24 542.28 198.76 1.52 1.68 4.06 -6.33 1.54 44.75 3.08 0.15
Car 0.0 0 0.41 377.21 170.60 499.92 223.06 1.58 1.59 3.81 -5.66 1.56 23.62 0.17 0.28
Car 0.0 0 -2.69 202.39 172.86 381.44 250.57 1.51 1.53 3.44 -6.89 1.56 15.55 -3.11 0.45
Car 0.0 0 0.52 79.85 175.88 341.66 282.20 1.50 1.59 3.79 -6.49 1.57 11.43 0.01 0.51
Car 0.0 0 1.39 697.99 177.45 755.94 211.18 1.47 1.55 3.50 5.48 1.69 34.29 1.55 0.05
Car 0.0 0 -0.10 670.48 174.43 725.65 202.92 1.51 1.64 3.64 4.98 1.63 41.06 0.02 0.13
