Car 0.0 0 -1.70 646.24 181.82 699.07 223.10 1.41 1.60 3.92 2.24 1.76 27.12 -1.61 3.40
Car 0.0 0 -0.37 819.48 180.93 1118.37 284.05 1.48 1.68 3.91 5.64 1.66 11.87 0.09 7.71
Car 0.0 0 0.39 285.25 177.82 464.00 239.44 1.48 1.67 4.17 -6.24 1.67 19.24 0.08 3.70
Car 0.0 0 -2.63 61.83 187.90 357.28 287.10 1.43 1.56 4.17 -6.63 1.74 12.06 -3.14 2.92
Car 0.0 0 0.30 338.32 174.29 483.46 228.61 1.56 1.61 4.18 -6.12 1.62 22.26 0.03 0.71
Car 0.0 0 0.19 420.40 175.83 526.67 211.52 1.44 1.66 4.25 -5.89 1.60 31.22 0.00 0.30
Car 0.0 0 -1.66 640.16 177.67 678.39 210.98 1.50 1.64 3.94 2.35 1.76 35.40 -1.59 0.26
Car 0.0 0 -2.69 149.67 185.64 359.03 269.74 1.42 1.53 3.79 -6.95 1.72 14.10 3.14 1.06
Car 0.0 0 -1.50 548.08 173.66 575.76 199.22 1.49 1.57 3.53 -3.05 1.59 45.69 -1.57 0.22
Car 0.0 0 -3.10 440.05 176.08 525.15 209.99 1.42 1.65 4.23 -5.71 1.60 32.56 3.01 0.14
Car 0.0 0 -3.11 489.32 174.84 553.00 202.92 1.47 1.63 3.93 -5.05 1.63 41.22 3.05 0.06
Car 0.0 0 -3.11 482.32 175.57 560.22 203.11 1.47 1.65 4.06 -5.16 1.68 42.01 3.05 0.06
