Car 0.0 0 -1.85 705.34 185.52 896.05 302.18 1.43 1.65 4.04 2.59 1.64 10.95 -1.59 10.80
Car 0.0 0 -0.19 720.07 176.50 797.72 219.31 1.58 1.65 3.87 5.78 1.73 28.61 0.01 0.55
Car 0.0 0 0.53 123.11 172.88 411.52 271.73 1.50 1.60 4.04 -5.84 1.57 12.51 0.08 4.83
Car 0.0 0 -0.06 680.62 174.84 754.20 205.64 1.49 1.64 3.69 5.51 1.62 37.32 0.09 0.75
Car 0.0 0 1.11 799.26 181.16 985.84 263.89 1.49 1.63 4.20 5.55 1.66 14.95 1.48 1.60
Car 0.0 0 -2.80 377.86 175.29 496.80 221.77 1.45 1.58 3.57 -5.89 1.56 24.43 -3.03 1.13
Car 0.0 0 0.47 236.64 163.63 455.21 249.92 1.63 1.62 3.99 -5.58 1.50 15.23 0.12 1.68
Car 0.0 0 -2.95 422.18 173.27 523.74 213.03 1.53 1.64 3.88 -5.70 1.58 29.78 -3.14 0.43
Car 0.0 0 -2.80 309.17 175.00 460.26 236.38 1.49 1.54 3.69 -6.06 1.56 19.31 -3.10 0.49
Car 0.0 0 -2.97 430.29 171.79 527.84 209.68 1.56 1.65 4.08 -5.74 1.54 31.73 3.14 0.18
Car 0.0 0 -3.11 476.18 172.58 553.22 198.86 1.49 1.72 4.12 -5.83 1.52 44.39 3.05 0.17
Car 0.0 0 0.45 222.41 173.10 444.33 251.67 1.50 1.59 4.04 -5.87 1.54 15.32 0.09 0.78
Car 0.0 0 0.18 472.99 172.53 548.48 200.77 1.56 1.72 4.12 -5.97 1.60 43.16 0.04 0.10
Car 0.0 0 -0.20 725.66 178.01 812.37 224.75 1.53 1.63 3.88 5.65 1.73 26.16 0.02 0.10
