Car 0.0 0 -1.74 658.31 179.61 727.88 235.15 1.62 1.66 3.95 2.53 1.86 23.32 -1.62 4.05
Car 0.0 0 -2.81 274.31 185.94 443.45 256.50 1.54 1.59 3.85 -6.00 1.88 17.44 -3.14 0.98
Car 0.0 0 -2.94 407.71 181.37 512.08 224.76 1.58 1.65 3.85 -5.87 1.94 28.19 3.14 0.37
Car 0.0 0 -2.86 316.58 187.69 471.97 244.68 1.48 1.60 3.93 -6.10 1.92 20.42 3.13 0.73
Car 0.0 0 -2.84 362.32 179.75 492.17 232.93 1.64 1.67 4.07 -6.14 1.90 24.09 -3.09 0.37
Car 0.0 0 -1.69 647.64 185.00 692.39 221.01 1.40 1.59 3.85 2.46 1.95 30.94 -1.61 0.67
Car 0.0 0 -2.97 438.73 180.34 530.47 216.82 1.59 1.66 3.88 -5.94 1.98 34.09 -3.14 0.12
Car 0.0 0 -3.04 474.69 181.56 535.42 208.47 1.53 1.64 3.73 -6.52 2.12 44.90 3.10 0.10
Car 0.0 0 -2.88 369.58 180.55 498.21 230.65 1.62 1.68 4.05 -6.11 1.92 25.21 -3.11 0.19
Car 0.0 0 -2.93 402.46 181.91 506.45 226.51 1.56 1.66 3.90 -5.92 1.94 27.34 -3.14 0.16
Car 0.0 0 -1.64 631.26 182.20 658.68 206.00 1.44 1.59 3.69 2.23 2.09 47.16 -1.59 0.16
Car 0.0 0 -3.03 476.50 181.25 541.39 207.89 1.52 1.64 3.79 -6.34 2.11 44.96 3.12 0.08
