Car 0.0 0 1.79 529.05 179.42 570.64 209.64 1.51 1.66 3.80 -3.21 1.89 39.01 1.71 2.52
Car 0.0 0 1.98 216.65 192.64 421.87 306.35 1.48 1.64 4.05 -4.56 1.84 11.89 1.60 9.61
Car 0.0 0 -1.70 707.51 179.21 763.63 222.02 1.52 1.67 3.90 4.74 1.78 27.96 -1.53 1.06
Car 0.0 0 -1.72 721.43 180.47 790.75 233.96 1.48 1.55 3.38 4.35 1.74 22.19 -1.52 1.33
Car 0.0 0 -1.84 740.43 170.07 874.17 265.82 1.80 1.69 4.37 4.03 1.77 15.66 -1.57 3.19
Car 0.0 0 2.16 -6.15 203.38 302.91 386.58 1.48 1.64 4.01 -4.64 1.85 7.15 1.59 6.09
Car 0.0 0 -1.66 689.73 177.83 724.19 207.03 1.52 1.61 3.59 5.41 1.84 40.64 -1.52 0.21
Car 0.0 0 1.74 556.03 178.57 587.26 203.63 1.56 1.57 4.02 -2.57 1.98 48.32 1.69 0.32
Car 0.0 0 -1.66 695.39 178.44 732.53 209.25 1.51 1.63 3.63 5.47 1.84 38.59 -1.51 0.11
Car 0.0 0 -1.68 704.41 180.06 762.20 219.82 1.52 1.65 4.01 5.10 1.84 30.45 -1.51 0.07
