Car 0.0 0 -1.78 658.15 183.67 740.57 240.26 1.45 1.65 4.22 2.42 1.78 20.90 -1.66 5.34
Car 0.0 0 -1.89 726.79 192.29 908.44 307.63 1.42 1.56 3.52 2.88 1.74 10.96 -1.61 10.19
Car 0.0 0 0.39 363.62 183.57 496.22 229.69 1.40 1.69 4.12 -6.03 1.80 24.11 0.14 1.93
Car 0.0 0 -2.66 151.57 188.86 392.09 271.83 1.44 1.57 4.02 -6.64 1.79 14.18 -3.10 4.06
Car 0.0 0 -1.68 649.64 181.65 692.44 216.45 1.39 1.58 3.69 2.57 1.81 31.52 -1.59 0.66
Car 0.0 0 -2.57 69.68 192.20 335.70 298.69 1.46 1.58 3.84 -6.60 1.82 11.73 -3.08 3.17
Car 0.0 0 0.40 237.78 182.19 426.05 250.39 1.53 1.60 3.98 -6.88 1.82 18.02 0.04 1.40
Car 0.0 0 -2.78 226.66 184.17 410.38 255.52 1.52 1.59 3.85 -6.90 1.82 17.03 3.12 1.11
Car 0.0 0 -3.08 457.82 181.11 532.87 209.16 1.41 1.69 3.85 -6.23 1.89 39.10 3.05 0.17
Car 0.0 0 -2.92 387.88 175.01 497.63 220.12 1.66 1.65 4.10 -6.62 1.78 28.49 3.13 0.21
Car 0.0 0 -1.66 632.31 175.43 660.43 201.17 1.55 1.60 3.74 2.30 1.76 46.67 -1.61 0.21
Car 0.0 0 -3.05 471.46 178.40 543.66 206.79 1.44 1.66 3.79 -5.65 1.80 39.99 3.10 0.11
Car 0.0 0 0.63 -40.76 193.32 247.86 335.39 1.47 1.57 3.79 -6.76 1.71 8.72 0.02 0.45
