Car 0.0 0 -1.68 635.53 187.21 674.04 219.52 1.43 1.59 3.75 2.08 2.15 34.79 -1.62 1.70
Car 0.0 0 -0.40 814.66 191.29 1074.16 283.03 1.49 1.62 4.27 6.01 1.89 13.44 0.03 5.39
Car 0.0 0 -2.66 90.29 189.01 340.37 284.46 1.46 1.57 3.81 -6.86 1.79 12.60 3.12 3.57
Car 0.0 0 -0.55 890.15 189.10 1230.05 312.26 1.52 1.57 4.04 6.32 1.81 10.36 0.01 3.81
Car 0.0 0 2.71 750.09 187.69 920.41 252.94 1.53 1.63 4.09 5.68 1.96 18.49 3.01 2.22
Car 0.0 0 0.32 285.39 181.22 453.28 247.60 1.65 1.66 4.18 -6.48 1.93 19.58 -0.00 1.63
Car 0.0 0 -2.60 -17.49 193.62 328.52 316.54 1.46 1.61 4.10 -6.53 1.79 10.07 3.12 4.83
Car 0.0 0 -0.29 740.00 191.33 877.16 243.46 1.42 1.62 4.20 5.79 1.98 21.47 -0.02 0.71
Car 0.0 0 -2.94 376.14 186.11 501.93 230.65 1.45 1.61 3.93 -6.01 1.94 25.43 3.11 0.37
Car 0.0 0 -3.03 417.86 185.17 518.49 219.49 1.43 1.64 4.19 -6.39 2.02 32.29 3.06 0.25
Car 0.0 0 -2.80 221.43 175.58 428.85 260.62 1.76 1.70 4.18 -6.49 1.89 16.50 3.11 1.28
Car 0.0 0 -1.68 623.98 183.96 654.69 208.63 1.55 1.68 4.13 1.92 2.34 48.89 -1.64 0.23
Car 0.0 0 -2.56 -74.45 194.96 237.79 346.05 1.48 1.57 3.44 -6.61 1.75 8.20 3.09 1.16
Car 0.0 0 -3.10 473.17 185.39 540.60 210.65 1.43 1.64 4.14 -6.28 2.24 44.17 3.04 0.13
Car 0.0 0 -3.07 456.11 185.94 531.86 211.57 1.41 1.62 4.22 -6.88 2.22 42.71 3.05 0.11
Car 0.0 0 -0.57 929.76 184.96 1282.82 358.81 1.58 1.65 4.35 5.86 1.72 7.50 0.04 0.83
Car 0.0 0 -3.10 473.96 185.48 542.05 210.54 1.43 1.63 4.17 -6.30 2.24 44.27 3.04 0.11
Car 0.0 0 0.39 213.60 176.67 430.86 259.89 1.73 1.70 4.14 -6.60 1.88 16.58 0.01 0.61
Car 0.0 0 -2.74 98.51 189.87 348.37 283.16 1.48 1.58 3.87 -6.90 1.84 13.05 3.05 0.66
