Car 0.0 0 -1.71 682.05 174.98 760.13 229.41 1.58 1.65 3.95 3.40 1.66 22.98 -1.56 3.97
Car 0.0 0 1.85 337.07 192.52 438.24 252.27 1.49 1.68 4.08 -6.20 2.07 20.50 1.55 5.81
Car 0.0 0 1.80 419.67 189.07 486.04 230.82 1.45 1.64 3.92 -5.95 2.10 27.65 1.58 3.76
Car 0.0 0 1.97 203.94 199.44 372.81 292.87 1.51 1.61 3.99 -6.08 2.05 14.05 1.55 7.78
Car 0.0 0 -1.72 664.77 175.00 736.36 219.38 1.64 1.67 4.12 3.52 1.75 28.89 -1.59 1.17
Car 0.0 0 2.12 -24.28 211.07 273.40 367.16 1.49 1.61 4.15 -6.00 2.00 9.04 1.53 8.51
Car 0.0 0 2.60 908.72 137.37 1148.40 218.80 1.76 1.68 4.43 9.71 1.00 17.02 3.12 4.54
Car 0.0 0 1.76 455.82 185.01 506.40 221.10 1.53 1.66 4.20 -5.95 2.12 33.53 1.58 0.62
Car 0.0 0 -1.67 653.58 177.52 690.80 207.13 1.57 1.64 3.60 3.52 1.89 41.37 -1.59 0.17
Car 0.0 0 2.79 821.08 156.72 930.17 205.45 1.70 1.71 3.70 9.64 1.15 26.57 3.14 0.17
Car 0.0 0 -0.14 655.70 176.00 736.88 211.64 1.60 1.64 4.04 4.13 1.81 35.26 -0.02 0.12
Car 0.0 0 2.68 865.76 150.75 1010.29 208.70 1.70 1.66 3.75 9.94 1.04 22.32 3.11 0.29
Car 0.0 0 -0.08 651.95 177.57 709.83 208.16 1.57 1.64 3.79 3.92 1.88 40.41 0.01 0.10
