Car 0.0 0 1.76 464.98 180.07 520.39 220.86 1.53 1.61 3.64 -4.75 1.84 29.49 1.60 4.15
Car 0.0 0 1.96 232.32 193.55 411.67 292.46 1.43 1.60 3.98 -4.95 1.84 12.89 1.58 9.14
Car 0.0 0 -1.82 743.86 183.69 900.72 284.16 1.47 1.63 3.98 3.47 1.67 12.61 -1.53 11.12
Car 0.0 0 -1.73 694.27 179.13 763.95 228.70 1.46 1.65 4.03 3.79 1.69 23.73 -1.57 3.80
Car 0.0 0 -1.77 715.16 180.53 809.46 247.26 1.48 1.66 3.86 3.66 1.67 18.10 -1.56 7.22
Car 0.0 0 -2.05 809.02 189.86 1167.67 374.26 1.50 1.61 4.01 3.51 1.68 7.75 -1.56 13.27
Car 0.0 0 1.73 495.17 178.87 539.82 213.39 1.56 1.56 3.77 -4.50 1.87 35.24 1.61 1.63
Car 0.0 0 -2.15 983.01 176.96 1073.88 212.72 1.43 1.53 3.94 17.98 1.63 31.35 -1.63 0.31
Car 0.0 0 -2.20 1071.44 175.48 1205.36 229.34 1.48 1.59 3.75 15.86 1.55 21.67 -1.57 1.21
Car 0.0 0 -1.67 689.69 178.95 743.21 218.37 1.45 1.69 4.11 4.20 1.72 29.16 -1.52 0.39
Car 0.0 0 2.14 -24.84 194.66 310.11 382.75 1.52 1.65 4.29 -4.85 1.80 7.61 1.57 2.94
Car 0.0 0 2.15 18.27 191.47 329.94 377.99 1.52 1.64 4.15 -4.88 1.78 7.68 1.60 2.21
