Car 0.0 0 -1.73 654.76 178.39 719.36 229.48 1.64 1.66 4.01 2.57 1.86 25.42 -1.62 3.85
Car 0.0 0 -2.03 768.56 199.37 1142.73 385.21 1.42 1.63 3.99 2.87 1.73 7.15 -1.58 8.10
Car 0.0 0 -2.84 361.57 183.15 493.64 232.54 1.52 1.65 4.08 -6.07 1.89 24.00 -3.09 0.75
Car 0.0 0 -2.93 396.12 177.09 513.09 220.33 1.65 1.70 4.20 -6.30 1.87 29.39 -3.14 0.52
Car 0.0 0 -2.76 301.24 184.47 446.42 258.88 1.55 1.57 3.62 -5.35 1.84 16.62 -3.08 0.93
Car 0.0 0 -1.67 646.32 181.82 685.73 215.51 1.45 1.59 3.75 2.53 1.91 33.84 -1.59 0.42
Car 0.0 0 -2.85 313.82 183.97 462.29 242.52 1.53 1.59 3.75 -6.31 1.86 20.51 3.14 0.39
Car 0.0 0 -2.97 438.85 177.85 532.78 214.88 1.61 1.68 4.04 -5.88 1.90 34.12 -3.14 0.14
Car 0.0 0 -0.97 88.63 188.86 238.38 243.53 1.42 1.55 3.98 -12.79 1.90 20.75 -1.53 0.17
Car 0.0 0 -3.05 473.35 180.33 533.43 209.91 1.51 1.63 3.83 -5.99 1.99 40.78 3.09 0.08
Car 0.0 0 -1.63 635.82 181.25 663.95 205.55 1.44 1.58 3.62 2.48 2.01 46.19 -1.58 0.20
Car 0.0 0 -2.89 379.90 181.06 499.80 227.02 1.56 1.64 4.05 -6.17 1.90 26.40 -3.12 0.15
Car 0.0 0 -2.90 400.91 180.04 504.88 223.52 1.57 1.65 4.07 -6.18 1.88 28.15 -3.11 0.13
Car 0.0 0 -2.52 34.38 186.50 334.48 303.67 1.48 1.60 3.80 -6.32 1.69 10.45 -3.06 0.59
Car 0.0 0 -3.03 464.62 180.55 537.17 211.00 1.52 1.64 3.89 -6.03 2.00 39.78 3.11 0.06
Car 0.0 0 2.25 11.57 185.91 186.35 245.20 1.43 1.56 4.18 -13.55 1.79 19.33 1.63 0.13
Car 0.0 0 2.28 -1.12 186.21 158.01 240.60 1.44 1.57 4.07 -15.54 1.83 21.04 1.65 0.12
Car 0.0 0 0.47 204.18 186.04 430.03 260.82 1.47 1.60 4.02 -6.32 1.78 15.52 0.08 0.20
Car 0.0 0 0.50 131.30 187.10 384.07 280.53 1.46 1.61 3.94 -6.26 1.73 12.84 0.05 0.20
Car 0.0 0 1.07 91.55 185.55 271.09 255.44 1.45 1.60 4.07 -9.83 1.75 16.80 0.53 0.11
