Car 0.0 0 -1.80 704.70 176.53 825.78 261.12 1.47 1.62 3.62 2.94 1.57 14.64 -1.59 8.76
Car 0.0 0 1.88 305.83 183.02 438.62 254.67 1.50 1.68 4.37 -5.68 1.77 17.65 1.56 4.39
Car 0.0 0 2.73 865.19 146.64 1118.50 222.53 1.59 1.65 4.40 8.61 1.06 16.61 -3.07 2.63
Car 0.0 0 1.73 467.85 179.44 511.55 211.82 1.50 1.65 3.87 -6.05 1.87 36.48 1.56 0.90
Car 0.0 0 2.19 0.05 205.35 227.96 377.75 1.47 1.63 4.32 -6.04 1.87 7.98 1.59 3.89
Car 0.0 0 1.80 439.12 180.76 496.76 219.29 1.51 1.68 3.93 -6.07 1.88 31.00 1.61 1.26
Car 0.0 0 1.80 437.29 181.56 495.34 219.98 1.51 1.64 3.90 -6.11 1.91 30.99 1.61 0.43
Car 0.0 0 1.72 492.37 178.40 527.33 206.54 1.54 1.66 4.05 -5.97 1.92 43.26 1.58 0.15
Car 0.0 0 2.88 732.77 160.77 813.98 208.37 1.75 1.76 4.21 6.49 1.28 28.86 3.11 0.12
Car 0.0 0 -0.22 889.59 150.58 1064.14 203.74 1.67 1.66 4.56 12.85 1.00 25.29 0.25 0.08
