Car 0.0 0 -1.81 690.96 181.92 787.20 243.57 1.41 1.60 4.00 3.16 1.66 18.75 -1.64 5.59
Car 0.0 0 -1.71 654.35 172.38 696.76 207.80 1.65 1.69 4.10 3.20 1.66 36.23 -1.62 1.68
Car 0.0 0 -2.73 373.81 179.86 489.92 231.56 1.47 1.56 3.60 -5.57 1.71 22.54 -2.98 1.73
Car 0.0 0 -2.03 748.20 189.67 1085.96 377.49 1.49 1.65 4.31 2.73 1.68 7.66 -1.62 9.89
Car 0.0 0 0.56 81.31 186.53 403.67 290.27 1.47 1.65 4.21 -5.95 1.74 11.83 0.09 5.51
Car 0.0 0 -2.76 239.70 166.02 417.77 252.34 1.87 1.71 4.04 -6.74 1.77 17.26 -3.13 2.37
Car 0.0 0 -2.73 217.35 176.03 415.90 252.17 1.63 1.62 3.90 -6.90 1.75 17.15 -3.12 1.15
Car 0.0 0 -3.03 452.44 174.89 542.24 211.16 1.57 1.65 3.90 -5.29 1.71 33.65 3.10 0.14
Car 0.0 0 -3.00 429.62 177.80 532.52 217.18 1.44 1.64 4.12 -5.17 1.68 28.63 3.11 0.17
Car 0.0 0 -3.01 471.52 175.17 546.12 208.68 1.58 1.65 3.87 -5.12 1.73 36.61 3.14 0.14
Car 0.0 0 -3.08 514.98 174.51 555.41 201.90 1.55 1.63 3.81 -4.57 1.71 44.14 3.10 0.11
Car 0.0 0 -3.00 463.31 175.06 549.75 209.17 1.58 1.64 3.89 -5.15 1.74 36.11 -3.14 0.09
Car 0.0 0 -2.71 188.58 183.62 409.94 255.91 1.51 1.59 3.76 -7.10 1.78 16.63 -3.11 0.35
