Car 0.0 0 -1.67 653.30 171.45 696.15 206.98 1.40 1.57 3.65 2.69 1.37 30.87 -1.58 2.41
Car 0.0 0 -1.82 707.53 176.25 851.20 272.85 1.46 1.64 3.80 2.82 1.54 13.03 -1.58 7.99
Car 0.0 0 -1.73 680.92 171.06 771.07 238.76 1.50 1.63 3.89 2.78 1.47 18.21 -1.57 5.29
Car 0.0 0 0.32 278.05 163.14 459.88 234.16 1.64 1.65 4.01 -6.01 1.43 18.26 -0.00 1.57
Car 0.0 0 -1.99 743.34 153.40 1094.93 374.24 1.80 1.76 4.48 2.80 1.64 7.91 -1.58 7.89
Car 0.0 0 -2.72 72.11 162.11 374.72 277.14 1.63 1.64 3.86 -6.16 1.53 11.71 3.07 3.77
Car 0.0 0 0.41 175.98 158.71 433.36 259.75 1.71 1.70 4.02 -5.78 1.51 13.79 0.01 3.48
Car 0.0 0 -3.05 428.45 164.44 527.61 203.07 1.61 1.68 4.04 -5.83 1.26 31.93 3.06 0.49
Car 0.0 0 0.27 250.25 160.31 445.08 243.04 1.67 1.63 3.77 -5.89 1.46 16.22 -0.08 1.25
Car 0.0 0 -3.04 423.31 165.13 524.57 204.20 1.59 1.70 4.06 -5.87 1.27 31.16 3.06 0.54
Car 0.0 0 -1.64 638.73 166.84 671.65 197.05 1.53 1.59 3.68 2.39 1.24 39.23 -1.58 0.45
Car 0.0 0 -2.64 -14.12 177.73 287.68 305.54 1.47 1.59 3.63 -6.40 1.57 9.68 3.06 2.89
Car 0.0 0 -2.93 332.08 166.91 485.86 218.45 1.50 1.63 4.22 -6.37 1.36 23.06 3.08 0.35
Car 0.0 0 -2.47 -27.55 184.10 249.87 355.00 1.45 1.57 3.99 -5.71 1.55 7.24 -3.07 1.56
Car 0.0 0 -3.09 485.51 168.41 538.96 196.50 1.49 1.61 3.68 -5.71 1.29 42.24 3.06 0.07
Car 0.0 0 -3.07 454.75 167.73 539.12 199.59 1.51 1.66 3.97 -5.85 1.31 37.35 3.06 0.07
