Car 0.0 0 -1.76 635.81 177.44 706.91 230.13 1.41 1.65 4.10 1.70 1.56 21.68 -1.68 5.31
Car 0.0 0 -1.70 614.86 172.10 655.70 205.22 1.55 1.63 3.83 1.20 1.54 36.50 -1.66 1.53
Car 0.0 0 -2.78 287.92 178.59 445.21 239.18 1.46 1.60 3.93 -6.44 1.64 19.12 -3.11 1.38
Car 0.0 0 -2.77 194.79 181.19 409.00 255.54 1.49 1.58 3.98 -6.63 1.69 15.72 3.11 1.10
Car 0.0 0 -3.00 413.71 179.21 493.22 212.80 1.40 1.59 3.82 -7.08 1.72 32.64 3.07 0.25
Car 0.0 0 0.34 325.17 178.90 455.22 226.90 1.41 1.55 4.02 -7.08 1.63 23.14 0.05 0.40
Car 0.0 0 -0.67 945.67 186.17 1198.65 357.61 1.44 1.61 4.26 5.24 1.61 6.96 -0.10 2.28
Car 0.0 0 -3.04 452.32 175.41 510.50 201.18 1.43 1.60 3.73 -7.76 1.63 43.51 3.06 0.09
Car 0.0 0 -2.93 374.91 177.26 480.62 218.25 1.44 1.56 3.77 -6.93 1.63 27.29 3.11 0.11
Car 0.0 0 -0.55 867.95 154.69 1203.13 308.50 1.84 1.70 4.25 5.81 1.66 10.19 -0.02 0.82
Car 0.0 0 -0.67 901.42 154.86 1221.25 353.57 1.65 1.67 4.33 5.03 1.62 7.36 -0.11 0.94
Car 0.0 0 -2.98 394.24 178.66 495.35 214.96 1.43 1.60 3.87 -7.06 1.72 30.82 3.08 0.08
