Car 0.0 0 -1.73 639.79 185.67 690.75 222.38 1.45 1.65 4.06 2.27 2.03 31.23 -1.65 2.55
Car 0.0 0 -1.81 668.79 188.15 744.70 240.84 1.43 1.57 3.58 2.78 1.91 21.85 -1.67 5.82
Car 0.0 0 -2.80 240.58 188.85 437.90 257.69 1.49 1.62 4.00 -6.43 1.93 17.33 3.12 5.49
Car 0.0 0 -2.86 331.53 185.37 479.37 234.88 1.54 1.63 4.23 -6.75 1.99 24.06 -3.13 1.18
Car 0.0 0 -2.65 87.38 192.01 347.78 284.29 1.46 1.55 3.80 -7.09 1.87 13.09 3.13 4.71
Car 0.0 0 -2.61 7.91 191.68 304.38 315.72 1.47 1.63 3.86 -6.77 1.81 10.21 3.11 7.23
Car 0.0 0 -2.87 304.38 188.99 455.97 245.07 1.49 1.57 4.05 -6.62 1.99 20.91 3.10 1.57
Car 0.0 0 2.48 947.26 193.09 1191.20 312.47 1.48 1.64 4.44 7.13 1.78 10.04 3.05 2.06
Car 0.0 0 -2.97 426.82 185.06 523.15 217.75 1.42 1.65 4.26 -6.40 2.03 33.84 3.13 0.31
Car 0.0 0 -2.96 434.67 183.25 528.56 218.50 1.52 1.65 4.32 -5.90 2.03 33.21 -3.13 0.22
Car 0.0 0 -3.01 465.21 181.83 541.26 210.14 1.57 1.71 4.29 -6.43 2.17 43.56 3.13 0.06
