Car 0.0 0 1.84 379.99 193.69 455.49 243.89 1.49 1.57 3.49 -6.31 2.20 23.89 1.58 4.57
Car 0.0 0 -0.95 53.23 204.29 161.99 244.86 1.51 1.65 3.78 -20.37 2.82 29.44 -1.55 2.70
Car 0.0 0 -1.67 662.25 176.09 718.06 223.47 1.60 1.64 3.82 2.84 1.74 26.68 -1.56 1.79
Car 0.0 0 0.97 1044.51 134.72 1150.45 179.86 1.72 1.65 4.17 20.00 0.21 29.75 1.56 0.83
Car 0.0 0 1.78 425.67 190.46 487.31 230.14 1.46 1.63 4.05 -6.21 2.21 29.43 1.57 1.13
Car 0.0 0 1.74 465.47 180.34 512.44 216.26 1.72 1.73 4.38 -6.23 2.15 37.62 1.57 0.63
Car 0.0 0 -0.66 1162.85 139.85 1273.02 174.94 1.42 1.62 4.09 26.95 0.02 32.11 0.04 0.18
Car 0.0 0 1.73 464.99 180.71 513.05 216.55 1.72 1.69 4.28 -6.30 2.17 37.77 1.56 0.28
Car 0.0 0 1.70 497.92 182.85 530.03 209.08 1.50 1.65 4.20 -6.03 2.19 45.67 1.56 0.12
Car 0.0 0 -0.22 686.37 175.97 764.81 229.10 1.51 1.58 3.89 3.49 1.64 22.45 -0.06 0.16
Car 0.0 0 2.29 14.55 208.20 114.64 246.83 1.49 1.63 3.92 -23.57 3.02 30.73 1.64 0.30
