Car 0.0 0 -1.80 675.08 184.94 788.67 263.63 1.43 1.63 4.22 2.39 1.70 15.34 -1.64 8.70
Car 0.0 0 -1.70 644.10 177.57 694.01 218.01 1.57 1.65 4.14 2.40 1.80 30.58 -1.62 3.08
Car 0.0 0 -2.66 113.50 188.39 398.24 285.23 1.43 1.55 3.93 -6.00 1.76 12.38 -3.11 4.97
Car 0.0 0 0.47 233.18 185.24 428.48 253.13 1.41 1.57 3.93 -6.52 1.76 16.97 0.10 3.05
Car 0.0 0 0.90 388.31 184.10 500.66 225.65 1.38 1.63 3.92 -6.05 1.82 26.22 0.68 0.98
Car 0.0 0 -2.54 10.60 201.12 287.11 320.48 1.42 1.58 3.91 -6.48 1.78 9.60 -3.11 3.34
Car 0.0 0 -3.01 462.87 181.75 531.40 210.05 1.41 1.60 3.52 -6.02 1.90 38.27 3.12 0.46
Car 0.0 0 0.40 344.85 185.31 475.21 233.13 1.40 1.56 3.79 -6.43 1.82 23.01 0.13 0.52
Car 0.0 0 -2.66 105.30 190.63 399.33 286.04 1.42 1.55 3.92 -6.11 1.79 12.41 -3.12 1.95
Car 0.0 0 -2.94 427.50 183.09 510.69 215.55 1.41 1.55 3.61 -6.67 1.91 33.85 -3.14 0.13
Car 0.0 0 -2.98 464.62 181.54 534.30 209.10 1.43 1.61 3.80 -6.10 1.95 39.98 -3.13 0.12
Car 0.0 0 -1.66 640.41 178.35 673.17 209.09 1.53 1.63 4.02 2.50 1.88 39.63 -1.59 0.13
