Car 0.0 0 1.81 400.36 183.71 479.45 233.29 1.50 1.69 3.97 -5.69 1.89 24.49 1.58 5.30
Car 0.0 0 -1.92 767.01 184.82 1035.31 341.67 1.47 1.67 4.01 3.11 1.60 8.79 -1.53 12.81
Car 0.0 0 1.77 446.31 182.97 501.57 221.23 1.47 1.63 3.79 -5.74 1.93 30.62 1.58 2.77
Car 0.0 0 2.03 153.98 187.75 381.94 297.09 1.51 1.65 4.12 -5.56 1.77 12.24 1.59 7.80
Car 0.0 0 2.84 751.31 159.80 846.07 195.50 1.73 1.74 4.54 9.46 1.14 36.64 3.10 0.63
Car 0.0 0 2.50 1019.23 138.16 1310.97 254.42 1.56 1.70 4.45 8.97 1.14 11.23 -3.13 2.21
Car 0.0 0 1.70 471.64 180.80 515.27 214.20 1.52 1.70 4.10 -5.81 1.96 36.10 1.54 0.49
Car 0.0 0 1.72 495.93 180.90 532.18 208.05 1.49 1.66 3.98 -5.73 2.02 43.17 1.58 0.29
Car 0.0 0 -1.69 660.25 174.51 699.95 203.34 1.52 1.63 3.75 3.96 1.67 41.25 -1.59 0.20
Car 0.0 0 -0.48 1004.56 148.47 1119.85 182.28 1.48 1.64 4.40 21.27 0.43 34.08 0.08 0.19
Car 0.0 0 2.87 728.49 163.87 813.85 196.19 1.69 1.74 4.38 8.81 1.27 39.86 3.09 0.10
