Car 0.0 0 1.71 550.98 172.80 595.68 207.87 1.58 1.62 3.80 -1.76 1.60 35.16 1.66 2.59
Car 0.0 0 -1.72 708.99 178.25 766.21 222.01 1.51 1.58 3.61 4.68 1.72 27.19 -1.55 2.87
Car 0.0 0 -1.80 742.14 185.06 860.49 262.74 1.45 1.63 3.90 3.95 1.72 15.65 -1.54 5.80
Car 0.0 0 1.14 810.01 188.07 1051.55 330.76 1.50 1.64 4.02 4.00 1.74 9.86 1.55 10.50
Car 0.0 0 -1.70 695.52 176.66 738.89 212.87 1.51 1.59 3.58 4.73 1.71 32.58 -1.55 1.07
Car 0.0 0 -1.75 730.51 179.04 806.88 240.11 1.53 1.58 3.45 4.29 1.73 20.14 -1.54 1.61
Car 0.0 0 1.76 460.49 178.65 551.76 251.61 1.59 1.58 3.78 -2.52 1.75 18.30 1.62 0.62
Car 0.0 0 -1.67 686.44 175.15 724.22 208.68 1.55 1.63 3.72 4.70 1.70 36.22 -1.54 0.08
Car 0.0 0 1.67 574.04 171.69 603.66 199.22 1.57 1.63 4.17 -1.34 1.55 45.22 1.64 0.12
Car 0.0 0 1.68 574.28 171.85 603.84 199.78 1.60 1.64 4.23 -1.32 1.57 45.60 1.65 0.10
