Car 0.0 0 -1.75 649.61 181.66 719.56 230.17 1.44 1.65 4.20 2.35 1.77 24.15 -1.64 3.83
Car 0.0 0 -1.85 696.46 186.60 821.14 269.10 1.43 1.55 3.39 2.80 1.73 14.54 -1.65 8.43
Car 0.0 0 -2.59 -11.52 190.61 332.03 309.96 1.46 1.66 4.10 -6.52 1.77 10.45 3.14 7.36
Car 0.0 0 -2.77 245.62 181.47 430.97 251.51 1.55 1.62 3.97 -6.60 1.81 17.69 -3.13 3.49
Car 0.0 0 0.49 179.26 186.63 394.14 264.87 1.44 1.55 3.88 -6.72 1.78 15.10 0.07 2.02
Car 0.0 0 0.37 306.88 182.73 459.06 235.31 1.50 1.63 4.13 -7.06 1.86 22.45 0.06 1.09
Car 0.0 0 -2.92 397.74 178.81 509.19 221.74 1.51 1.67 4.09 -5.94 1.77 27.37 -3.14 0.58
Car 0.0 0 0.37 382.03 183.29 498.32 223.09 1.40 1.64 4.03 -6.52 1.83 27.44 0.14 0.45
Car 0.0 0 -1.70 643.34 180.07 687.16 216.29 1.46 1.60 3.65 2.34 1.82 32.06 -1.63 0.33
Car 0.0 0 -2.68 119.20 188.52 370.67 279.97 1.47 1.55 3.92 -6.69 1.80 13.30 3.14 1.51
Car 0.0 0 -3.08 475.59 177.69 543.97 205.29 1.44 1.67 3.89 -5.72 1.76 41.15 3.07 0.16
Car 0.0 0 -3.10 457.01 180.59 531.90 208.30 1.41 1.69 3.97 -6.42 1.89 39.92 3.03 0.12
Car 0.0 0 -1.68 640.92 178.32 677.02 211.23 1.47 1.47 3.20 2.36 1.78 35.55 -1.61 0.05
Car 0.0 0 -3.07 475.78 177.88 544.12 205.62 1.44 1.67 3.92 -5.72 1.78 41.10 3.07 0.10
