Car 0.0 0 -1.71 652.72 176.53 702.40 215.57 1.63 1.67 4.07 2.93 1.82 32.63 -1.61 2.28
Car 0.0 0 -1.85 704.08 189.63 831.57 269.99 1.43 1.59 4.06 3.05 1.78 15.02 -1.63 7.17
Car 0.0 0 -2.72 297.18 179.61 435.38 241.94 1.55 1.63 3.96 -6.67 1.75 19.75 -3.05 1.09
Car 0.0 0 -2.65 142.61 162.06 355.13 277.98 1.97 1.69 4.13 -6.97 1.81 13.80 -3.11 2.97
Car 0.0 0 -2.98 435.28 177.44 530.61 215.11 1.59 1.65 3.91 -5.77 1.84 32.73 3.13 0.34
Car 0.0 0 1.88 358.11 180.76 467.60 227.92 1.46 1.58 3.97 -6.67 1.76 24.32 1.61 0.31
Car 0.0 0 0.69 -44.19 186.05 307.84 346.78 1.49 1.65 4.45 -6.01 1.69 7.87 0.11 4.96
Car 0.0 0 -2.95 405.51 179.72 515.62 222.31 1.51 1.63 3.90 -5.71 1.78 27.29 3.12 0.17
Car 0.0 0 -2.98 466.18 175.69 539.40 209.83 1.65 1.67 3.90 -5.60 1.85 37.83 -3.13 0.15
Car 0.0 0 -2.95 420.59 179.69 517.53 220.66 1.54 1.62 3.76 -5.75 1.84 29.18 3.14 0.10
Car 0.0 0 -2.95 407.65 180.05 517.09 220.15 1.49 1.62 3.87 -5.92 1.82 28.92 3.13 0.10
Car 0.0 0 -3.03 491.42 176.15 546.18 205.56 1.59 1.63 3.78 -5.33 1.85 42.57 3.12 0.09
Car 0.0 0 -2.97 419.21 180.12 515.02 220.24 1.52 1.62 3.79 -5.87 1.87 29.63 3.12 0.06
Car 0.0 0 -2.98 456.44 176.07 543.35 210.50 1.64 1.65 3.90 -5.65 1.86 37.21 -3.13 0.09
Car 0.0 0 -2.65 81.79 176.52 338.28 289.31 1.65 1.62 3.88 -6.57 1.74 11.86 3.12 0.45
Car 0.0 0 -2.62 51.23 183.48 335.45 289.91 1.54 1.58 3.81 -6.76 1.74 11.63 -3.14 0.49
