Car 0.0 0 -1.71 672.75 183.86 742.12 236.79 1.43 1.60 3.74 2.81 1.78 21.89 -1.58 4.25
Car 0.0 0 -0.24 721.26 175.75 836.97 221.88 1.57 1.61 3.92 6.08 1.70 26.28 -0.01 2.64
Car 0.0 0 -2.78 265.02 181.06 457.89 252.19 1.51 1.61 3.65 -5.85 1.75 17.04 -3.11 2.78
Car 0.0 0 -1.98 762.81 171.78 1052.05 373.52 1.68 1.66 3.84 2.79 1.70 7.82 -1.59 9.29
Car 0.0 0 -2.89 357.97 177.62 498.08 226.74 1.49 1.64 4.25 -6.02 1.69 23.76 -3.14 0.55
Car 0.0 0 0.40 295.74 178.15 482.11 243.51 1.54 1.64 4.00 -5.69 1.71 18.65 0.10 2.08
Car 0.0 0 -2.58 136.05 177.54 364.98 269.47 1.56 1.60 3.80 -6.86 1.70 13.69 -3.05 3.35
Car 0.0 0 -2.90 385.39 177.23 507.27 222.00 1.53 1.67 4.31 -5.99 1.72 26.54 -3.13 0.12
Car 0.0 0 -2.99 432.38 178.76 522.52 211.14 1.46 1.66 3.95 -6.43 1.79 35.00 3.12 0.11
Car 0.0 0 -2.54 -3.97 163.97 326.72 323.74 1.71 1.68 4.08 -5.86 1.66 9.04 -3.09 1.61
Car 0.0 0 -2.63 109.45 173.54 358.59 277.68 1.68 1.67 3.99 -6.85 1.73 12.85 -3.11 0.97
Car 0.0 0 0.58 -11.09 183.09 288.12 332.27 1.54 1.64 4.33 -6.26 1.64 8.15 0.01 0.82
Car 0.0 0 -2.90 383.20 178.60 507.09 225.11 1.48 1.64 4.25 -5.77 1.72 25.00 -3.13 0.08
Car 0.0 0 -2.57 34.61 169.96 329.50 323.89 1.71 1.68 4.04 -5.65 1.70 9.21 -3.11 0.75
Car 0.0 0 -3.05 468.83 179.25 548.51 207.85 1.41 1.64 4.07 -5.39 1.78 38.34 3.10 0.09
