Car 0.0 0 -1.76 665.09 177.17 744.22 243.53 1.68 1.66 3.95 2.54 1.83 20.45 -1.63 5.10
Car 0.0 0 -1.89 730.86 192.11 945.71 328.18 1.46 1.60 3.62 2.75 1.74 9.76 -1.59 13.53
Car 0.0 0 -2.84 308.51 183.30 469.11 238.36 1.50 1.63 4.23 -6.63 1.85 21.62 -3.13 1.82
Car 0.0 0 -2.99 400.43 181.72 499.28 220.82 1.45 1.61 3.81 -6.39 1.83 28.79 3.08 0.71
Car 0.0 0 -2.69 115.30 167.95 396.30 280.68 1.83 1.75 4.21 -6.28 1.78 13.01 3.13 4.17
Car 0.0 0 0.39 263.84 184.42 447.17 251.66 1.51 1.57 4.00 -6.39 1.86 18.15 0.05 1.45
Car 0.0 0 0.75 -37.29 191.71 256.51 348.80 1.44 1.62 4.20 -6.46 1.71 8.05 0.14 4.77
Car 0.0 0 -1.73 654.85 182.30 711.18 227.89 1.44 1.64 3.84 2.45 1.80 25.34 -1.62 0.57
Car 0.0 0 -1.67 637.83 179.83 672.13 210.65 1.46 1.61 3.71 2.26 1.85 37.40 -1.61 0.13
Car 0.0 0 -1.72 652.63 179.27 713.84 228.60 1.54 1.60 3.65 2.41 1.78 24.98 -1.62 0.46
Car 0.0 0 0.17 456.57 177.81 533.64 208.40 1.55 1.61 3.67 -6.32 1.87 39.71 0.01 0.12
Car 0.0 0 0.42 231.88 176.64 437.91 259.15 1.62 1.63 3.89 -6.01 1.77 15.82 0.05 1.00
Car 0.0 0 -2.89 334.37 182.98 474.06 233.62 1.50 1.61 4.11 -6.65 1.86 23.29 3.12 0.42
Car 0.0 0 -2.99 469.30 178.95 539.51 206.44 1.51 1.62 3.66 -6.31 1.93 43.35 -3.13 0.12
Car 0.0 0 -1.68 637.73 179.46 676.80 213.23 1.47 1.59 3.75 2.19 1.80 34.37 -1.61 0.13
Car 0.0 0 -3.01 475.25 179.23 545.21 206.45 1.50 1.64 3.75 -6.06 1.95 43.62 3.14 0.10
Car 0.0 0 -2.92 369.01 182.79 487.13 226.22 1.48 1.59 4.14 -6.68 1.88 26.51 3.12 0.16
