Car 0.0 0 -2.27 735.70 174.88 842.43 219.22 1.47 1.62 3.61 6.38 1.57 26.17 -2.02 3.27
Car 0.0 0 -1.72 627.19 175.14 665.32 203.93 1.43 1.58 3.66 1.86 1.57 38.53 -1.67 1.99
Car 0.0 0 -2.71 205.20 173.35 393.76 247.70 1.56 1.64 3.89 -7.10 1.60 16.61 -3.12 3.59
Car 0.0 0 -3.00 402.62 173.25 499.67 209.50 1.50 1.65 4.17 -7.08 1.56 32.17 3.06 0.88
Car 0.0 0 0.32 296.00 169.25 453.96 230.74 1.64 1.67 4.26 -6.72 1.56 20.71 0.01 0.66
Car 0.0 0 0.38 264.53 175.33 434.94 238.06 1.51 1.60 3.89 -6.82 1.61 18.92 0.04 0.92
Car 0.0 0 -3.02 422.85 173.90 507.47 204.50 1.49 1.64 4.03 -7.62 1.59 38.28 3.07 0.14
Car 0.0 0 -1.70 612.30 172.70 639.63 198.75 1.54 1.62 3.93 0.97 1.59 46.41 -1.67 0.26
Car 0.0 0 -2.94 364.26 167.57 485.22 215.17 1.68 1.69 4.11 -7.10 1.53 27.40 3.09 0.15
Car 0.0 0 -1.68 615.44 173.45 645.62 199.41 1.51 1.63 3.93 1.22 1.59 45.61 -1.66 0.17
