Car 0.0 0 1.78 512.53 175.04 559.39 209.93 1.52 1.65 3.79 -3.48 1.65 34.12 1.68 2.81
Car 0.0 0 -1.77 734.40 176.84 826.13 241.93 1.46 1.55 3.64 4.20 1.59 18.44 -1.54 5.18
Car 0.0 0 -1.74 714.68 172.59 784.58 223.82 1.57 1.66 3.85 4.59 1.58 24.41 -1.55 1.97
Car 0.0 0 2.12 5.84 190.37 329.06 376.70 1.48 1.64 4.07 -4.53 1.75 7.63 1.57 8.04
Car 0.0 0 1.73 541.21 174.11 577.42 202.04 1.52 1.57 4.05 -2.97 1.64 42.58 1.66 0.51
Car 0.0 0 -1.69 704.04 173.86 749.66 212.34 1.51 1.61 3.70 4.88 1.57 30.77 -1.53 0.16
Car 0.0 0 -1.67 689.33 172.27 725.73 202.59 1.52 1.65 3.83 5.25 1.53 39.29 -1.54 0.24
Car 0.0 0 -1.92 772.28 156.41 971.99 293.14 1.88 1.75 4.54 4.00 1.65 12.00 -1.57 2.11
Car 0.0 0 -1.70 706.16 174.42 757.93 214.79 1.52 1.63 3.80 4.93 1.59 29.74 -1.53 0.15
Car 0.0 0 -1.71 707.95 174.19 765.65 217.78 1.54 1.66 3.98 4.87 1.62 28.13 -1.54 0.07
