Car 0.0 0 2.10 46.09 200.69 319.74 330.17 1.44 1.56 3.95 -5.86 1.87 10.47 1.57 8.70
Car 0.0 0 -1.96 755.53 177.25 1035.56 345.01 1.54 1.68 4.15 2.99 1.60 8.67 -1.58 12.79
Car 0.0 0 1.81 396.82 177.73 473.08 229.60 1.60 1.66 4.02 -6.00 1.80 24.96 1.57 3.23
Car 0.0 0 1.87 323.60 174.06 435.25 250.92 1.76 1.70 4.24 -5.94 1.83 18.83 1.56 4.30
Car 0.0 0 -1.75 714.34 178.72 845.52 263.09 1.48 1.60 3.47 3.30 1.61 14.64 -1.52 2.99
Car 0.0 0 1.81 448.71 180.68 508.66 217.97 1.46 1.55 3.88 -5.66 1.82 31.34 1.63 0.53
Car 0.0 0 -0.40 910.79 158.09 1051.67 205.33 1.65 1.72 4.63 13.95 1.21 27.36 0.07 0.18
Car 0.0 0 1.70 542.24 177.19 574.51 201.72 1.51 1.66 4.12 -3.43 1.84 48.01 1.63 0.32
Car 0.0 0 2.99 685.71 165.83 760.09 193.93 1.71 1.75 4.78 7.21 1.33 46.52 -3.13 0.20
Car 0.0 0 3.02 692.51 166.39 765.39 194.55 1.69 1.74 4.60 7.55 1.35 46.16 -3.10 0.11
