Car 0.0 0 -1.69 661.07 182.93 720.07 229.57 1.43 1.61 3.66 2.59 1.78 24.41 -1.57 4.11
Car 0.0 0 2.00 175.64 199.74 424.33 342.21 1.48 1.66 3.92 -3.90 1.87 9.81 1.59 10.42
Car 0.0 0 2.70 825.56 160.32 1058.92 233.57 1.64 1.68 4.54 7.99 1.40 17.85 3.14 3.93
Car 0.0 0 1.85 403.42 186.05 485.84 231.95 1.56 1.70 4.38 -6.16 2.07 27.31 1.63 1.48
Car 0.0 0 1.78 473.82 185.80 516.43 214.40 1.49 1.63 3.88 -6.41 2.24 40.52 1.63 1.33
Car 0.0 0 2.82 773.25 167.44 888.73 210.90 1.59 1.65 4.31 8.43 1.43 27.91 3.11 0.66
Car 0.0 0 1.90 299.54 193.42 411.63 262.41 1.48 1.72 4.45 -6.24 2.02 18.13 1.56 0.77
Car 0.0 0 -2.12 999.53 156.39 1088.80 189.63 1.54 1.70 3.62 21.55 0.76 35.83 -1.58 0.38
Car 0.0 0 -0.33 792.18 165.76 907.49 216.38 1.64 1.64 4.26 8.08 1.42 24.59 -0.01 0.23
Car 0.0 0 -2.08 982.09 158.37 1071.92 191.32 1.59 1.68 3.63 21.72 0.91 37.78 -1.56 0.17
Car 0.0 0 -2.13 1068.30 150.32 1148.64 189.88 1.79 1.73 3.48 24.22 0.77 35.15 -1.53 0.17
