Car 0.0 0 1.77 504.58 178.31 549.73 209.86 1.53 1.65 3.80 -4.29 1.83 37.63 1.65 2.20
Car 0.0 0 -1.82 731.26 179.34 859.27 261.84 1.48 1.64 3.98 3.65 1.62 15.02 -1.57 9.12
Car 0.0 0 1.84 391.83 185.05 488.17 242.39 1.44 1.66 4.11 -4.80 1.82 20.81 1.61 5.01
Car 0.0 0 -1.95 796.24 180.26 1031.74 321.52 1.51 1.63 3.90 3.74 1.62 9.73 -1.55 13.16
Car 0.0 0 1.90 301.17 187.39 448.31 273.25 1.52 1.63 3.99 -4.78 1.85 15.07 1.58 7.84
Car 0.0 0 2.05 50.40 195.00 356.91 350.68 1.52 1.64 4.08 -4.90 1.83 9.36 1.54 9.68
Car 0.0 0 -1.73 710.85 178.85 785.57 236.77 1.47 1.67 3.88 3.76 1.64 20.39 -1.54 2.10
Car 0.0 0 -2.06 917.76 171.67 996.19 204.31 1.49 1.54 3.51 16.97 1.46 35.46 -1.61 0.37
Car 0.0 0 -2.28 1068.79 170.90 1185.13 218.94 1.50 1.49 3.49 17.66 1.45 24.55 -1.66 0.84
Car 0.0 0 -1.67 685.95 175.80 736.85 212.82 1.49 1.65 3.73 4.36 1.64 31.71 -1.53 0.34
Car 0.0 0 -1.67 683.52 175.64 732.09 213.07 1.51 1.65 3.83 4.24 1.66 31.67 -1.53 0.44
Car 0.0 0 -1.73 709.26 177.55 786.70 236.01 1.49 1.69 3.97 3.79 1.63 20.53 -1.54 0.94
Car 0.0 0 -2.11 988.85 170.11 1094.87 209.45 1.49 1.55 3.61 17.39 1.40 29.33 -1.57 0.33
Car 0.0 0 1.74 523.16 176.70 559.13 204.46 1.56 1.63 3.93 -4.12 1.83 43.49 1.64 0.20
Car 0.0 0 -1.69 696.07 177.51 766.76 223.42 1.50 1.66 3.74 4.27 1.67 25.85 -1.52 0.14
Car 0.0 0 1.74 524.72 176.28 559.36 204.35 1.55 1.65 3.93 -4.06 1.81 43.02 1.65 0.14
Car 0.0 0 -1.70 697.01 177.52 762.89 224.43 1.50 1.65 3.62 4.14 1.68 25.52 -1.54 0.15
