Car 0.0 0 -1.78 682.12 184.51 779.95 254.33 1.42 1.61 4.14 2.64 1.70 16.86 -1.62 6.91
Car 0.0 0 1.65 553.96 176.17 584.84 202.80 1.42 1.52 3.33 -2.33 1.64 41.36 1.60 1.35
Car 0.0 0 -1.72 664.16 178.22 718.80 221.93 1.41 1.56 3.77 2.82 1.64 26.07 -1.61 1.92
Car 0.0 0 0.39 356.46 175.81 505.60 226.33 1.46 1.65 4.34 -5.65 1.60 22.84 0.15 2.50
Car 0.0 0 0.59 2.55 177.20 370.13 297.62 1.48 1.65 4.39 -6.13 1.61 10.44 0.06 5.46
Car 0.0 0 -3.08 404.33 175.49 517.97 214.56 1.47 1.69 4.36 -6.04 1.62 29.20 3.00 0.63
Car 0.0 0 -2.78 299.30 174.69 457.03 237.13 1.55 1.59 3.72 -6.16 1.62 19.17 -3.09 1.20
Car 0.0 0 -1.64 642.71 172.13 671.13 199.51 1.52 1.58 3.66 2.78 1.52 43.36 -1.58 0.27
Car 0.0 0 0.39 269.54 173.22 456.56 243.34 1.57 1.63 3.95 -5.94 1.60 17.22 0.06 0.58
Car 0.0 0 -3.14 452.14 175.40 538.65 203.94 1.46 1.65 4.33 -6.24 1.63 39.35 2.99 0.06
