Car 0.0 0 -1.69 656.20 175.76 701.81 212.71 1.51 1.59 3.73 2.95 1.67 31.91 -1.60 2.08
Car 0.0 0 1.66 537.49 179.75 578.68 216.61 1.41 1.53 3.33 -2.20 1.73 30.26 1.59 2.49
Car 0.0 0 -1.81 709.25 187.66 827.04 269.51 1.42 1.56 3.76 3.02 1.74 14.70 -1.59 7.15
Car 0.0 0 0.43 195.87 176.46 440.69 258.75 1.48 1.60 4.16 -5.82 1.61 14.73 0.05 2.72
Car 0.0 0 0.50 118.99 177.23 423.70 281.22 1.49 1.62 4.17 -5.53 1.63 11.92 0.06 4.57
Car 0.0 0 -3.05 295.98 176.43 469.95 237.74 1.50 1.64 4.25 -6.00 1.62 19.13 2.93 0.78
Car 0.0 0 -3.08 330.55 175.69 476.32 228.82 1.49 1.63 4.22 -6.26 1.59 21.78 2.93 0.65
Car 0.0 0 -2.35 467.57 175.98 539.14 206.11 1.49 1.65 3.81 -5.66 1.69 37.96 -2.50 0.31
Car 0.0 0 -2.55 -71.85 172.19 243.27 349.30 1.54 1.60 3.91 -5.92 1.54 7.56 3.11 1.53
Car 0.0 0 -2.60 -23.33 173.82 250.86 316.92 1.55 1.55 3.64 -6.34 1.57 8.89 3.08 1.16
Car 0.0 0 0.50 117.79 178.15 418.16 283.65 1.50 1.63 4.07 -5.60 1.65 11.86 0.06 1.69
Car 0.0 0 -2.55 460.46 176.09 535.29 205.98 1.46 1.64 3.84 -5.91 1.66 37.63 -2.70 0.20
Car 0.0 0 -2.61 -35.60 175.67 259.00 312.12 1.55 1.56 3.64 -6.61 1.58 9.33 3.07 0.68
Car 0.0 0 -2.61 12.88 178.11 259.39 314.74 1.53 1.54 3.58 -6.22 1.60 9.12 3.10 0.55
