Car 0.0 0 -1.66 642.72 178.30 678.54 209.01 1.40 1.55 3.60 2.43 1.70 35.61 -1.58 1.50
Car 0.0 0 -1.82 695.31 168.21 861.74 287.58 1.74 1.75 4.45 2.70 1.71 12.77 -1.59 6.84
Car 0.0 0 -1.70 663.09 178.29 728.94 228.67 1.46 1.64 3.94 2.64 1.65 23.25 -1.58 2.18
Car 0.0 0 -1.74 675.59 181.08 765.30 246.04 1.44 1.62 3.89 2.65 1.66 18.31 -1.59 2.09
Car 0.0 0 -2.67 -2.32 182.81 344.56 307.36 1.51 1.58 3.91 -6.08 1.70 10.19 3.07 4.17
Car 0.0 0 -2.73 85.43 183.61 374.49 276.97 1.46 1.56 3.99 -6.62 1.71 12.74 3.07 2.76
Car 0.0 0 0.30 290.13 167.40 471.07 240.46 1.76 1.73 4.22 -6.00 1.66 19.00 -0.01 1.93
Car 0.0 0 -2.74 144.20 180.14 387.47 266.68 1.49 1.55 3.70 -6.67 1.68 13.99 3.10 1.63
Car 0.0 0 0.20 405.59 174.54 509.76 211.57 1.47 1.70 3.95 -6.55 1.57 30.94 -0.01 0.39
Car 0.0 0 -2.82 227.13 170.11 430.95 249.52 1.66 1.65 3.88 -6.40 1.65 16.61 3.09 1.97
Car 0.0 0 0.28 334.68 170.99 483.26 229.40 1.62 1.65 4.02 -6.09 1.61 21.82 0.01 0.50
Car 0.0 0 -2.77 182.79 178.75 395.42 261.52 1.52 1.58 3.59 -6.50 1.70 14.78 3.10 1.27
Car 0.0 0 -3.03 443.86 170.27 531.16 204.42 1.64 1.72 4.10 -6.24 1.55 36.88 3.08 0.17
Car 0.0 0 -2.96 368.12 173.94 498.69 220.98 1.54 1.64 4.01 -6.30 1.62 25.61 3.08 0.17
Car 0.0 0 -2.96 363.67 174.16 491.99 222.30 1.53 1.63 3.99 -6.43 1.62 25.27 3.08 0.10
Car 0.0 0 -1.62 636.95 174.84 664.62 201.68 1.51 1.62 3.77 2.44 1.67 44.01 -1.56 0.12
Car 0.0 0 -3.04 475.02 172.42 533.99 202.81 1.55 1.65 3.85 -5.85 1.59 40.31 3.10 0.07
Car 0.0 0 -2.49 -69.72 183.07 242.03 352.47 1.53 1.61 3.88 -6.17 1.65 7.51 -3.12 1.44
