Car 0.0 0 -1.74 645.54 186.86 699.08 226.16 1.46 1.60 3.66 2.40 2.04 29.04 -1.65 3.30
Car 0.0 0 -2.34 818.42 182.05 1008.16 254.84 1.50 1.68 3.95 6.95 1.77 16.86 -1.95 5.49
Car 0.0 0 -2.88 325.21 191.84 469.22 240.79 1.48 1.63 4.10 -6.96 2.14 23.73 3.12 3.00
Car 0.0 0 -1.68 622.28 184.90 661.26 216.09 1.49 1.63 3.71 1.56 2.15 37.28 -1.63 1.07
Car 0.0 0 -2.79 239.67 193.31 415.62 257.01 1.51 1.58 4.02 -7.26 2.07 18.76 3.12 1.40
Car 0.0 0 -2.90 367.68 189.72 484.36 232.02 1.50 1.62 4.16 -7.02 2.19 27.56 3.14 0.50
Car 0.0 0 -2.57 -5.76 206.57 274.73 336.04 1.44 1.59 4.06 -6.84 1.90 9.17 3.13 3.24
Car 0.0 0 -2.68 47.35 188.90 376.10 300.94 1.54 1.60 4.23 -6.19 1.83 11.34 3.09 1.93
Car 0.0 0 -3.00 437.56 187.05 523.54 216.73 1.48 1.67 4.32 -6.97 2.28 38.85 3.11 0.21
Car 0.0 0 -2.77 211.25 186.96 405.58 265.33 1.64 1.68 4.13 -6.86 2.02 16.58 3.12 0.92
Car 0.0 0 -2.93 401.35 188.18 499.98 222.56 1.50 1.64 4.22 -7.49 2.27 34.02 3.14 0.13
Car 0.0 0 -2.91 367.55 189.93 484.75 231.78 1.50 1.63 4.07 -7.05 2.20 27.91 3.13 0.24
Car 0.0 0 -3.01 453.65 185.17 522.61 215.61 1.55 1.70 4.22 -6.65 2.28 39.61 3.11 0.12
Car 0.0 0 -2.76 163.51 181.31 393.53 274.38 1.68 1.67 4.07 -6.86 1.89 14.67 3.09 0.38
