Car 0.0 0 -1.69 635.07 178.10 671.10 207.67 1.42 1.62 3.90 2.16 1.72 37.52 -1.63 1.40
Car 0.0 0 -0.38 788.68 181.21 982.76 255.13 1.48 1.57 3.88 6.01 1.71 16.17 -0.02 3.53
Car 0.0 0 0.31 286.14 167.74 462.70 238.51 1.77 1.73 4.37 -6.37 1.68 19.60 -0.01 1.90
Car 0.0 0 2.74 737.43 179.47 875.31 234.67 1.49 1.68 4.22 5.69 1.73 21.29 3.01 2.42
Car 0.0 0 -2.73 85.83 179.47 384.74 272.82 1.46 1.62 4.22 -6.59 1.64 12.90 3.07 4.63
Car 0.0 0 -2.78 213.26 176.47 399.13 251.37 1.53 1.56 3.62 -6.77 1.63 16.21 3.11 1.28
Car 0.0 0 -0.58 869.76 177.72 1154.05 281.73 1.57 1.62 4.26 6.64 1.65 12.13 -0.07 1.60
Car 0.0 0 0.33 321.06 175.08 473.82 229.80 1.56 1.62 4.30 -6.47 1.65 22.15 0.04 0.65
Car 0.0 0 -3.05 393.12 176.57 509.68 214.33 1.38 1.62 4.15 -6.19 1.56 28.49 3.02 0.24
Car 0.0 0 0.67 -25.48 169.87 309.41 331.92 1.51 1.62 4.27 -5.90 1.52 7.75 0.10 2.07
Car 0.0 0 -2.80 251.24 176.00 423.48 243.99 1.54 1.62 3.82 -6.77 1.66 17.99 3.12 0.46
Car 0.0 0 -0.29 728.16 175.50 835.53 227.02 1.62 1.63 3.86 5.72 1.72 24.52 -0.06 0.37
Car 0.0 0 -0.52 841.87 177.24 1127.49 278.17 1.56 1.62 4.29 6.44 1.66 12.52 -0.04 0.81
Car 0.0 0 0.24 439.65 176.28 527.33 205.87 1.40 1.63 4.18 -6.42 1.62 36.63 0.07 0.17
Car 0.0 0 -0.42 817.62 180.51 1021.44 259.79 1.49 1.53 3.66 6.38 1.70 15.06 -0.01 0.66
Car 0.0 0 -2.69 6.27 179.13 316.90 286.66 1.50 1.58 3.71 -6.86 1.63 11.13 3.03 0.57
Car 0.0 0 -0.29 720.28 179.83 847.95 227.98 1.47 1.63 4.23 5.72 1.73 23.93 -0.05 0.20
Car 0.0 0 -0.49 830.79 178.50 1076.34 270.21 1.53 1.58 4.07 6.30 1.69 13.42 -0.04 0.58
Car 0.0 0 -2.80 169.25 179.74 389.11 257.33 1.47 1.59 3.98 -7.07 1.64 15.41 3.06 0.35
Car 0.0 0 -2.65 -2.87 178.56 298.65 295.33 1.49 1.59 3.66 -6.74 1.61 10.34 3.07 0.46
Car 0.0 0 -1.67 627.46 174.83 655.24 199.50 1.54 1.67 4.20 2.06 1.70 48.63 -1.63 0.09
