Car 0.0 0 -1.72 672.05 180.82 744.34 235.42 1.43 1.62 3.60 2.72 1.68 21.15 -1.59 5.32
Car 0.0 0 1.99 218.58 195.36 378.72 280.99 1.48 1.58 3.83 -6.29 1.98 14.92 1.59 7.77
Car 0.0 0 1.76 465.21 183.32 510.08 214.44 1.48 1.66 3.93 -6.31 2.06 37.40 1.59 1.73
Car 0.0 0 1.86 385.47 182.97 475.86 234.60 1.60 1.71 4.40 -6.14 1.97 25.14 1.62 2.41
Car 0.0 0 2.62 878.92 152.05 1182.42 244.33 1.62 1.69 4.52 8.11 1.30 14.25 -3.13 4.72
Car 0.0 0 2.78 793.71 162.71 950.12 212.08 1.56 1.65 4.33 8.63 1.27 24.23 3.13 1.25
Car 0.0 0 -2.04 1035.87 149.84 1137.13 189.50 1.66 1.66 3.67 22.15 0.70 33.56 -1.45 0.12
Car 0.0 0 1.73 491.50 180.57 525.22 207.81 1.54 1.66 4.14 -6.31 2.08 44.98 1.59 0.19
Car 0.0 0 -2.13 1142.63 143.82 1236.69 188.80 1.73 1.67 3.36 23.87 0.59 30.02 -1.45 0.16
Car 0.0 0 -2.14 1148.79 142.28 1253.37 190.04 1.81 1.70 3.48 24.58 0.67 29.85 -1.45 0.12
Car 0.0 0 2.67 855.39 151.09 1058.63 229.77 1.76 1.70 4.45 8.32 1.29 17.33 3.12 0.29
Car 0.0 0 1.73 488.18 180.88 524.51 208.56 1.54 1.65 4.15 -6.32 2.09 44.15 1.58 0.13
