Car 0.0 0 -1.76 633.28 178.64 700.97 229.17 1.41 1.64 4.10 1.64 1.60 22.49 -1.68 5.24
Car 0.0 0 -1.70 613.19 173.40 653.99 205.91 1.53 1.62 3.80 1.12 1.60 36.91 -1.67 1.35
Car 0.0 0 1.86 310.36 179.76 439.02 240.73 1.48 1.54 3.75 -6.34 1.69 19.43 1.55 0.74
Car 0.0 0 -2.75 220.34 183.13 411.67 255.11 1.49 1.58 4.07 -6.61 1.75 16.49 -3.14 0.68
Car 0.0 0 -2.99 423.85 179.39 494.26 212.08 1.42 1.57 3.76 -7.09 1.76 33.98 3.09 0.21
Car 0.0 0 -2.79 328.40 179.24 447.18 236.01 1.48 1.57 3.76 -6.38 1.69 20.78 -3.08 0.41
Car 0.0 0 -0.67 907.06 186.00 1197.45 341.69 1.45 1.62 4.37 5.40 1.65 8.01 -0.12 2.95
Car 0.0 0 -2.24 400.41 179.33 487.70 216.18 1.44 1.55 3.59 -7.09 1.74 30.44 -2.47 0.17
Car 0.0 0 -3.03 448.00 177.86 506.86 204.84 1.44 1.60 3.77 -7.69 1.77 41.88 3.07 0.08
Car 0.0 0 -2.81 240.88 181.93 431.48 252.14 1.49 1.58 4.02 -6.41 1.73 16.96 3.12 0.22
Car 0.0 0 -2.96 401.71 179.32 496.92 214.43 1.44 1.58 3.78 -7.14 1.76 31.96 3.11 0.10
