Car 0.0 0 -1.77 672.84 181.64 764.39 246.78 1.41 1.64 3.94 2.54 1.65 17.95 -1.62 5.09
Car 0.0 0 -0.31 742.49 179.40 861.12 227.58 1.49 1.64 3.96 6.29 1.71 24.05 -0.05 1.39
Car 0.0 0 0.46 308.46 175.70 483.44 234.98 1.48 1.64 3.99 -5.89 1.61 19.85 0.17 3.44
Car 0.0 0 0.52 143.20 173.94 379.84 267.13 1.50 1.56 3.94 -6.28 1.59 13.08 0.07 2.05
Car 0.0 0 1.03 215.61 171.61 402.61 248.97 1.52 1.55 3.72 -6.57 1.55 15.78 0.63 1.64
Car 0.0 0 1.49 669.23 173.84 711.10 201.93 1.46 1.62 3.53 4.44 1.54 40.44 1.61 0.22
Car 0.0 0 -3.01 444.70 174.61 536.48 206.41 1.44 1.64 4.01 -5.82 1.56 35.28 3.11 0.21
Car 0.0 0 1.04 255.58 172.91 416.38 241.33 1.53 1.53 3.47 -6.72 1.57 17.64 0.68 0.44
Car 0.0 0 -3.04 470.90 172.14 541.92 199.41 1.52 1.67 4.02 -6.23 1.55 43.77 3.10 0.13
Car 0.0 0 -2.93 415.10 174.43 512.36 213.53 1.48 1.56 3.69 -5.97 1.56 29.41 -3.13 0.13
Car 0.0 0 0.36 383.39 172.73 506.39 222.16 1.55 1.59 3.95 -5.65 1.57 24.52 0.14 0.19
Car 0.0 0 0.59 18.34 175.30 381.25 292.78 1.50 1.61 4.12 -6.12 1.60 10.72 0.08 1.32
Car 0.0 0 0.57 59.49 174.51 383.01 289.31 1.50 1.58 3.93 -5.93 1.59 11.03 0.08 1.07
Car 0.0 0 -0.15 695.26 174.96 748.42 208.97 1.49 1.59 3.50 5.30 1.64 34.73 0.00 0.05
Car 0.0 0 -3.03 466.74 172.89 540.77 203.05 1.51 1.65 3.98 -5.84 1.58 39.55 3.11 0.09
