Car 0.0 0 1.88 345.50 185.62 468.86 261.91 1.53 1.66 3.88 -4.58 1.85 16.74 1.60 8.54
Car 0.0 0 -1.74 704.54 180.16 777.76 232.42 1.47 1.66 3.97 3.97 1.71 22.63 -1.56 5.11
Car 0.0 0 -1.79 731.75 182.52 831.12 253.19 1.49 1.60 3.73 3.95 1.74 17.28 -1.56 8.46
Car 0.0 0 1.82 424.80 184.61 506.88 237.52 1.49 1.59 3.78 -4.51 1.89 22.96 1.62 4.93
Car 0.0 0 -1.87 777.76 187.65 962.66 300.68 1.46 1.64 3.87 3.81 1.70 11.36 -1.53 11.22
Car 0.0 0 1.77 533.80 178.27 575.44 204.73 1.54 1.67 3.92 -3.41 1.90 44.85 1.69 1.31
Car 0.0 0 1.79 467.33 182.25 529.59 223.83 1.49 1.62 3.96 -4.38 1.89 28.67 1.64 2.36
Car 0.0 0 -1.68 692.02 178.91 742.37 220.08 1.49 1.65 3.87 4.17 1.76 28.70 -1.54 1.11
Car 0.0 0 -2.18 882.81 178.25 1215.12 378.30 1.53 1.60 3.64 3.70 1.65 6.06 -1.64 6.63
Car 0.0 0 -1.65 682.39 177.75 724.26 207.76 1.50 1.62 3.81 5.01 1.80 39.20 -1.52 0.09
Car 0.0 0 -2.06 878.61 176.06 939.35 204.13 1.48 1.58 3.40 16.88 1.69 40.96 -1.66 0.06
