Car 0.0 0 -1.78 648.10 174.26 734.66 235.44 1.41 1.63 4.13 1.96 1.46 18.87 -1.67 6.24
Car 0.0 0 -1.68 626.61 168.80 666.99 204.44 1.55 1.65 4.01 1.66 1.39 34.13 -1.63 1.91
Car 0.0 0 -2.75 205.34 177.29 430.06 251.01 1.44 1.57 3.96 -6.33 1.58 15.78 -3.14 3.73
Car 0.0 0 -2.62 134.33 180.06 380.91 266.36 1.45 1.57 3.80 -6.64 1.62 13.57 -3.07 2.01
Car 0.0 0 -2.20 387.54 175.86 481.75 216.59 1.40 1.56 3.73 -6.57 1.54 26.87 -2.44 0.49
Car 0.0 0 -3.02 464.16 171.88 519.62 198.01 1.43 1.56 3.59 -7.00 1.41 42.60 3.10 0.18
Car 0.0 0 0.38 295.50 176.53 439.91 233.45 1.42 1.52 3.78 -6.64 1.56 19.85 0.06 0.53
Car 0.0 0 0.35 273.06 176.11 436.90 235.99 1.43 1.52 3.82 -6.74 1.53 19.06 0.01 0.45
Car 0.0 0 -2.97 407.12 174.49 501.58 210.21 1.42 1.59 4.01 -6.72 1.52 31.16 3.10 0.20
Car 0.0 0 -3.03 465.03 171.40 527.87 197.50 1.45 1.62 3.84 -6.79 1.42 43.35 3.10 0.10
Car 0.0 0 -2.07 990.79 136.77 1260.22 375.61 1.87 1.67 4.23 5.58 1.62 7.02 -1.45 0.60
