Car 0.0 0 -1.82 690.71 183.12 820.75 269.71 1.44 1.62 3.91 2.65 1.65 14.17 -1.62 7.06
Car 0.0 0 -1.91 733.08 171.46 1005.17 358.33 1.68 1.68 4.08 2.66 1.71 8.50 -1.57 11.13
Car 0.0 0 -1.73 663.55 172.93 728.35 229.28 1.62 1.59 3.71 2.59 1.65 22.90 -1.61 3.81
Car 0.0 0 -1.64 644.74 177.23 678.30 207.42 1.44 1.54 3.45 2.61 1.70 37.23 -1.57 1.04
Car 0.0 0 -2.76 311.60 181.01 470.61 246.90 1.50 1.61 3.74 -5.57 1.74 18.32 -3.05 1.81
Car 0.0 0 -2.60 -21.34 190.81 286.15 338.84 1.51 1.65 4.01 -6.12 1.73 8.33 3.10 4.04
Car 0.0 0 0.33 423.92 174.73 527.54 213.66 1.57 1.67 4.14 -5.85 1.69 31.23 0.15 0.51
Car 0.0 0 -2.60 35.75 190.60 348.54 295.98 1.42 1.57 3.96 -6.63 1.75 11.40 -3.12 2.43
Car 0.0 0 -2.83 372.83 174.93 496.31 225.71 1.60 1.61 3.76 -6.02 1.72 24.59 -3.07 0.47
Car 0.0 0 -3.04 455.17 176.08 538.31 206.71 1.49 1.67 4.08 -5.94 1.72 38.21 3.09 0.20
Car 0.0 0 -2.05 230.70 183.14 396.44 254.02 1.46 1.57 3.73 -6.87 1.74 16.72 -2.44 0.48
Car 0.0 0 -2.95 443.87 177.20 533.59 209.75 1.46 1.65 4.13 -5.89 1.72 35.15 -3.12 0.20
Car 0.0 0 -3.01 453.06 175.67 537.59 207.54 1.49 1.67 4.11 -5.82 1.68 36.73 3.11 0.17
Car 0.0 0 0.23 390.98 177.40 501.78 224.15 1.58 1.61 3.84 -5.99 1.78 26.16 0.01 0.12
Car 0.0 0 1.99 223.13 182.71 363.48 246.33 1.43 1.55 3.61 -7.91 1.69 18.12 1.58 0.22
Car 0.0 0 -2.83 288.59 183.43 439.69 246.71 1.46 1.59 3.63 -6.35 1.76 18.48 3.13 0.22
Car 0.0 0 -2.84 372.89 176.96 497.47 226.21 1.58 1.62 3.78 -6.02 1.75 24.96 -3.08 0.14
