Car 0.0 0 1.86 328.84 187.51 443.60 255.37 1.52 1.67 4.03 -5.65 1.92 18.66 1.56 6.83
Car 0.0 0 1.81 399.61 185.36 477.45 234.30 1.45 1.66 3.91 -5.68 1.90 24.23 1.57 4.76
Car 0.0 0 1.74 443.68 183.09 499.87 223.42 1.49 1.69 3.96 -5.62 1.94 29.56 1.55 2.33
Car 0.0 0 1.73 476.03 182.24 519.53 213.39 1.47 1.67 3.95 -5.77 1.99 37.24 1.57 1.32
Car 0.0 0 -0.59 1094.80 134.16 1249.29 176.19 1.57 1.66 4.00 22.31 0.11 28.84 0.07 1.58
Car 0.0 0 2.75 772.06 154.62 879.87 193.55 1.70 1.71 4.26 9.79 0.92 33.08 3.04 0.91
Car 0.0 0 -0.10 660.18 171.86 713.80 202.50 1.61 1.67 3.87 4.33 1.60 40.94 0.00 0.27
Car 0.0 0 1.72 501.61 179.50 539.20 207.10 1.53 1.66 3.87 -5.35 1.96 43.38 1.60 0.44
Car 0.0 0 -0.12 668.16 172.45 726.68 205.23 1.58 1.68 3.92 4.48 1.60 37.41 -0.00 0.18
Car 0.0 0 -0.54 1067.41 138.09 1205.17 175.35 1.51 1.63 4.34 22.77 0.09 31.43 0.09 0.32
