Car 0.0 0 -1.72 688.77 180.35 755.23 233.53 1.53 1.57 3.61 3.41 1.78 22.83 -1.57 4.54
Car 0.0 0 -1.80 733.80 179.49 891.98 284.86 1.56 1.64 3.89 3.32 1.69 12.73 -1.53 11.68
Car 0.0 0 2.00 155.64 198.66 375.23 302.73 1.45 1.67 4.26 -5.79 1.94 12.69 1.56 7.66
Car 0.0 0 -1.69 669.85 181.10 729.47 222.00 1.47 1.67 4.02 3.42 1.81 28.40 -1.57 2.39
Car 0.0 0 -2.09 819.10 182.95 1232.20 385.76 1.49 1.65 3.98 3.37 1.61 6.94 -1.57 10.39
Car 0.0 0 1.82 430.22 185.27 499.72 227.05 1.45 1.60 3.92 -5.51 1.95 27.76 1.62 1.98
Car 0.0 0 1.88 328.14 190.46 438.47 255.80 1.45 1.66 3.94 -5.71 1.93 18.49 1.57 5.18
Car 0.0 0 1.74 496.63 178.94 532.96 206.68 1.54 1.63 3.54 -5.64 1.93 42.93 1.61 1.11
Car 0.0 0 -1.65 657.35 179.40 696.30 210.06 1.51 1.61 3.59 3.45 1.88 38.09 -1.56 0.54
Car 0.0 0 -1.65 655.38 178.64 690.17 209.96 1.53 1.61 3.56 3.26 1.87 38.17 -1.56 0.20
