Car 0.0 0 -1.79 679.90 182.49 779.03 249.91 1.43 1.62 3.75 2.72 1.68 17.49 -1.62 8.42
Car 0.0 0 -1.73 651.52 172.80 708.83 218.54 1.62 1.63 3.93 2.59 1.66 28.04 -1.63 1.94
Car 0.0 0 0.48 207.98 173.61 422.94 249.36 1.54 1.68 3.94 -6.76 1.64 16.55 0.09 5.89
Car 0.0 0 -2.86 317.28 163.53 482.93 232.59 1.83 1.74 4.30 -5.94 1.63 20.66 3.14 2.76
Car 0.0 0 -3.03 400.06 175.77 509.31 215.36 1.49 1.64 4.16 -6.30 1.64 29.39 3.04 0.40
Car 0.0 0 -3.02 447.52 176.70 527.11 207.25 1.46 1.65 3.94 -6.32 1.70 36.97 3.10 0.30
Car 0.0 0 -2.65 47.17 175.30 307.75 289.20 1.52 1.54 3.58 -6.76 1.61 10.97 3.09 2.91
Car 0.0 0 -2.56 -62.40 165.44 293.12 326.89 1.55 1.65 4.10 -6.04 1.50 8.00 3.13 4.36
Car 0.0 0 -1.67 639.60 173.94 675.08 204.36 1.51 1.61 3.81 2.49 1.60 39.03 -1.61 0.14
Car 0.0 0 -2.90 370.45 171.42 502.27 224.45 1.62 1.68 4.26 -5.82 1.63 23.90 -3.14 0.25
Car 0.0 0 -3.01 468.55 174.13 544.04 204.47 1.54 1.67 3.84 -5.65 1.66 39.66 3.13 0.12
Car 0.0 0 -1.71 646.61 173.84 694.66 214.40 1.59 1.67 4.04 2.52 1.68 31.23 -1.62 0.29
Car 0.0 0 -2.92 368.24 173.11 503.85 223.71 1.59 1.66 4.26 -5.90 1.63 24.49 3.13 0.18
Car 0.0 0 -3.01 461.33 174.92 541.15 206.40 1.52 1.63 3.78 -5.66 1.67 37.53 3.13 0.10
