Car 0.0 0 -1.73 656.12 183.04 723.01 231.96 1.42 1.62 4.21 2.43 1.76 23.30 -1.62 4.29
Car 0.0 0 0.47 204.85 179.14 441.56 256.74 1.48 1.65 4.26 -6.15 1.69 15.68 0.10 4.19
Car 0.0 0 0.21 400.23 177.28 519.24 217.44 1.44 1.68 4.35 -5.80 1.64 27.92 0.00 0.77
Car 0.0 0 -0.51 899.26 181.50 1267.94 339.04 1.48 1.66 4.05 5.56 1.62 7.87 0.07 5.31
Car 0.0 0 -1.66 647.40 179.84 690.21 213.77 1.42 1.62 3.86 2.60 1.76 33.09 -1.58 0.64
Car 0.0 0 -1.52 551.01 174.24 580.34 200.09 1.44 1.55 3.48 -2.67 1.57 43.35 -1.58 0.47
Car 0.0 0 -3.07 427.61 177.28 525.56 211.58 1.46 1.67 4.25 -6.05 1.68 32.91 3.03 0.21
Car 0.0 0 -2.83 284.22 176.10 457.54 238.95 1.53 1.60 4.00 -6.29 1.64 19.11 3.14 0.71
Car 0.0 0 0.19 388.14 177.11 513.03 220.11 1.48 1.66 3.94 -5.83 1.66 26.46 -0.03 0.27
Car 0.0 0 -2.51 -27.20 197.73 255.83 341.19 1.43 1.55 3.82 -6.35 1.72 8.21 -3.11 1.45
Car 0.0 0 -3.10 504.01 175.61 551.73 205.61 1.48 1.61 3.82 -4.39 1.67 38.68 3.07 0.06
