Car 0.0 0 -1.84 718.00 182.94 901.51 303.17 1.52 1.70 4.10 2.79 1.69 11.19 -1.57 11.84
Car 0.0 0 -1.78 694.43 177.54 797.40 252.42 1.61 1.67 3.90 3.17 1.74 17.63 -1.59 4.72
Car 0.0 0 1.88 292.36 198.80 471.74 309.78 1.49 1.65 4.03 -3.61 1.95 12.09 1.58 8.27
Car 0.0 0 -1.72 679.15 178.49 743.42 231.13 1.55 1.64 3.87 3.20 1.75 23.69 -1.58 3.25
Car 0.0 0 1.77 453.31 187.17 525.62 240.90 1.52 1.57 3.71 -3.77 2.01 22.98 1.61 3.57
Car 0.0 0 1.78 403.32 188.75 493.47 259.11 1.54 1.52 3.47 -4.00 1.98 18.15 1.56 3.93
Car 0.0 0 2.11 -29.78 204.13 372.83 383.55 1.45 1.65 3.82 -3.48 1.82 6.25 1.56 5.75
Car 0.0 0 -1.70 636.92 176.84 676.13 206.07 1.64 1.64 3.65 2.74 1.92 43.26 -1.63 0.87
Car 0.0 0 -2.11 814.56 184.76 1281.61 380.09 1.47 1.58 3.55 2.91 1.67 5.32 -1.57 2.41
Car 0.0 0 -2.12 822.64 183.75 1306.04 382.82 1.48 1.60 3.60 2.86 1.66 5.26 -1.56 1.51
