Car 0.0 0 -1.66 645.96 177.24 684.50 209.51 1.39 1.55 3.60 2.52 1.63 33.77 -1.58 1.61
Car 0.0 0 -1.77 686.57 181.76 793.23 257.41 1.43 1.62 3.88 2.68 1.64 15.90 -1.59 3.99
Car 0.0 0 -1.86 709.36 165.22 924.73 311.73 1.75 1.76 4.49 2.74 1.67 10.83 -1.58 7.80
Car 0.0 0 -1.71 668.65 177.21 742.61 233.17 1.46 1.65 4.06 2.68 1.60 21.23 -1.57 2.82
Car 0.0 0 -2.79 178.93 166.83 413.98 258.82 1.69 1.67 3.94 -6.30 1.64 14.71 3.09 2.75
Car 0.0 0 -3.04 439.75 168.74 531.91 204.43 1.64 1.69 4.07 -6.01 1.47 35.03 3.08 0.44
Car 0.0 0 -2.94 318.98 170.50 484.22 226.15 1.60 1.65 4.35 -6.43 1.56 22.43 3.07 0.51
Car 0.0 0 -2.70 94.02 180.04 351.54 276.28 1.48 1.56 3.68 -6.73 1.66 12.60 3.09 2.86
Car 0.0 0 0.32 251.63 168.49 456.88 246.53 1.66 1.70 4.16 -5.99 1.62 17.00 -0.02 2.29
Car 0.0 0 0.23 404.12 171.94 513.39 210.41 1.50 1.70 4.11 -6.37 1.50 30.37 0.02 0.74
Car 0.0 0 0.28 295.84 168.26 468.32 235.58 1.66 1.66 4.21 -6.12 1.58 19.44 -0.03 0.98
Car 0.0 0 0.66 -66.30 180.00 267.87 338.97 1.50 1.64 4.19 -6.14 1.64 7.88 0.04 4.04
Car 0.0 0 -1.63 635.22 171.65 666.52 199.64 1.54 1.61 3.71 2.36 1.51 42.70 -1.57 0.44
Car 0.0 0 -2.70 -25.77 183.29 334.15 299.03 1.45 1.56 3.99 -6.36 1.65 10.25 3.02 2.11
Car 0.0 0 -2.98 351.58 173.39 491.07 223.61 1.53 1.62 4.13 -6.24 1.57 23.86 3.05 0.15
Car 0.0 0 -3.08 472.00 172.08 536.85 202.30 1.50 1.64 3.86 -5.65 1.51 38.96 3.06 0.07
Car 0.0 0 -2.70 -38.60 184.42 344.18 300.65 1.46 1.57 3.99 -6.44 1.68 10.28 3.02 0.96
Car 0.0 0 -3.00 380.49 174.03 490.75 217.47 1.47 1.62 3.99 -6.47 1.57 26.72 3.05 0.06
