Car 0.0 0 -1.72 631.13 179.00 681.34 218.00 1.45 1.63 4.07 1.76 1.72 29.29 -1.66 2.95
Car 0.0 0 2.60 823.72 180.36 1112.49 287.70 1.51 1.64 4.08 5.73 1.70 11.81 3.06 4.74
Car 0.0 0 -0.39 774.71 187.24 1003.08 266.70 1.44 1.63 4.32 5.53 1.77 14.81 -0.02 3.00
Car 0.0 0 -2.75 331.35 177.69 468.68 230.17 1.45 1.57 3.87 -6.30 1.61 21.62 -3.03 0.62
Car 0.0 0 0.53 78.45 158.65 347.90 273.09 1.70 1.67 4.03 -6.56 1.53 12.01 0.03 2.81
Car 0.0 0 -1.69 615.99 174.70 648.69 202.10 1.55 1.62 3.90 1.29 1.70 44.15 -1.66 0.37
Car 0.0 0 -2.80 358.17 177.25 487.76 221.10 1.42 1.59 4.20 -6.60 1.60 25.33 -3.05 0.39
Car 0.0 0 -2.60 -11.30 172.89 305.40 306.74 1.56 1.63 3.87 -6.51 1.59 9.68 3.12 2.32
Car 0.0 0 -2.97 415.50 177.67 501.69 210.46 1.42 1.58 4.02 -7.05 1.68 33.59 3.10 0.10
Car 0.0 0 -2.62 25.01 169.59 300.01 306.70 1.58 1.65 3.96 -6.35 1.58 9.59 3.11 2.25
Car 0.0 0 -0.64 931.01 189.70 1203.32 318.93 1.52 1.57 3.69 6.57 1.79 9.90 -0.08 1.28
Car 0.0 0 -0.62 904.19 183.02 1185.71 312.69 1.52 1.61 4.02 6.23 1.74 9.98 -0.07 1.15
Car 0.0 0 -2.61 -34.63 165.87 314.94 302.51 1.59 1.64 3.94 -6.58 1.57 9.66 3.10 1.30
Car 0.0 0 -2.97 373.43 177.55 494.84 219.31 1.44 1.59 4.16 -6.57 1.65 26.87 3.07 0.10
Car 0.0 0 -3.00 445.55 177.95 517.23 206.03 1.45 1.62 3.78 -7.20 1.78 40.52 3.10 0.06
