Car 0.0 0 -1.71 631.35 178.74 683.29 219.42 1.46 1.63 4.01 1.75 1.72 28.41 -1.64 2.89
Car 0.0 0 -0.42 782.68 188.02 1041.72 272.24 1.42 1.61 4.28 5.54 1.75 13.74 -0.02 3.93
Car 0.0 0 -2.83 347.89 177.84 480.73 223.20 1.43 1.60 4.13 -6.73 1.63 24.82 -3.09 0.90
Car 0.0 0 0.57 33.33 156.96 340.74 280.98 1.70 1.68 4.02 -6.59 1.52 11.06 0.04 2.63
Car 0.0 0 -1.68 614.83 174.26 648.77 202.18 1.54 1.63 3.93 1.23 1.66 43.09 -1.65 0.51
Car 0.0 0 -2.62 -47.10 161.06 270.83 314.85 1.62 1.67 4.02 -6.53 1.55 8.59 3.06 3.44
Car 0.0 0 -2.97 415.93 176.57 504.64 211.22 1.46 1.60 3.95 -6.73 1.65 32.44 3.11 0.19
Car 0.0 0 2.57 846.03 179.71 1152.66 299.74 1.54 1.63 4.08 5.73 1.70 10.93 3.07 2.95
Car 0.0 0 -0.67 937.97 184.84 1160.62 331.31 1.51 1.57 3.77 6.16 1.72 8.92 -0.12 2.03
Car 0.0 0 2.57 838.44 177.93 1158.23 298.16 1.57 1.66 4.15 5.76 1.69 10.94 3.07 2.13
Car 0.0 0 -2.79 313.34 178.26 443.20 235.91 1.47 1.56 3.73 -6.44 1.64 20.14 -3.10 0.23
Car 0.0 0 -2.83 310.86 178.75 456.70 233.73 1.48 1.56 3.78 -6.55 1.67 20.99 -3.14 0.22
Car 0.0 0 -2.98 442.23 178.36 513.93 207.17 1.46 1.62 3.88 -7.22 1.80 39.66 3.12 0.07
