Car 0.0 0 -1.99 814.98 182.33 1089.37 343.40 1.51 1.60 3.69 3.74 1.63 8.73 -1.54 14.57
Car 0.0 0 1.76 500.61 178.82 546.73 211.56 1.54 1.65 3.77 -4.34 1.86 36.50 1.64 2.34
Car 0.0 0 -1.74 709.74 177.49 795.86 239.33 1.47 1.66 3.89 3.68 1.62 19.39 -1.55 5.40
Car 0.0 0 1.85 374.94 186.69 479.18 248.09 1.45 1.66 4.16 -4.86 1.85 19.61 1.60 5.18
Car 0.0 0 -1.83 737.60 179.24 882.76 269.74 1.50 1.65 4.09 3.65 1.62 14.00 -1.56 10.47
Car 0.0 0 1.94 269.99 189.29 436.18 283.15 1.51 1.62 4.08 -4.81 1.86 14.00 1.60 8.65
Car 0.0 0 2.11 -23.58 196.62 329.54 376.72 1.53 1.65 4.16 -4.87 1.82 8.21 1.55 8.51
Car 0.0 0 -1.70 699.30 176.75 760.99 225.11 1.50 1.64 3.68 3.99 1.64 24.61 -1.54 1.41
Car 0.0 0 -1.67 687.15 175.59 735.87 214.15 1.50 1.65 3.74 4.21 1.64 30.58 -1.53 1.27
Car 0.0 0 -2.08 929.22 172.63 1010.04 204.50 1.48 1.46 3.45 17.96 1.50 36.25 -1.61 0.29
Car 0.0 0 1.73 521.72 177.43 557.65 206.47 1.60 1.64 3.98 -4.13 1.90 42.69 1.63 0.40
Car 0.0 0 0.97 1015.14 170.42 1134.91 211.85 1.49 1.52 4.06 17.96 1.43 28.03 1.55 0.15
Car 0.0 0 -2.56 1089.59 173.06 1208.03 219.62 1.47 1.46 3.53 18.57 1.49 24.80 -1.92 0.21
Car 0.0 0 1.72 523.06 177.19 558.33 205.97 1.55 1.66 4.04 -4.06 1.87 42.11 1.62 0.15
