Car 0.0 0 1.78 542.94 183.17 580.92 210.73 1.51 1.59 3.69 -2.81 2.13 42.31 1.72 2.01
Car 0.0 0 1.91 323.64 192.59 461.23 278.02 1.48 1.66 4.05 -4.38 1.92 14.92 1.62 7.81
Car 0.0 0 2.01 153.42 202.92 388.81 334.94 1.46 1.57 3.67 -4.57 1.93 10.25 1.57 10.46
Car 0.0 0 -1.79 730.08 174.04 829.30 253.48 1.79 1.66 4.17 4.15 1.85 18.36 -1.56 2.11
Car 0.0 0 -1.68 703.87 181.32 753.92 220.51 1.54 1.65 3.88 5.02 1.94 31.06 -1.52 0.43
Car 0.0 0 -1.68 712.00 182.24 761.06 225.33 1.50 1.51 3.25 4.70 1.86 27.35 -1.51 0.15
Car 0.0 0 -1.73 715.69 181.69 793.52 236.66 1.56 1.54 3.38 4.46 1.85 22.78 -1.53 0.27
Car 0.0 0 -1.63 691.40 180.30 724.19 208.18 1.54 1.61 3.60 5.83 2.04 43.41 -1.50 0.15
Car 0.0 0 -1.68 707.34 182.67 755.32 222.88 1.52 1.58 3.63 4.92 1.94 29.79 -1.52 0.11
Car 0.0 0 -1.73 718.89 181.32 791.48 237.60 1.59 1.57 3.60 4.45 1.90 22.80 -1.53 0.19
Car 0.0 0 -1.67 702.04 182.19 759.67 220.88 1.53 1.64 3.84 5.16 1.95 31.31 -1.50 0.12
