Car 0.0 0 1.74 454.30 184.55 513.83 226.55 1.42 1.62 3.82 -4.70 1.88 27.12 1.57 3.49
Car 0.0 0 -1.84 723.38 184.11 856.58 284.14 1.52 1.58 3.58 3.07 1.75 13.00 -1.59 8.67
Car 0.0 0 -1.71 668.73 182.08 739.91 240.90 1.54 1.61 3.74 2.62 1.82 21.07 -1.58 3.69
Car 0.0 0 -1.92 765.06 192.62 1008.08 351.68 1.46 1.53 3.50 2.94 1.72 8.57 -1.55 12.86
Car 0.0 0 2.06 57.24 199.21 365.70 362.33 1.47 1.59 3.80 -4.47 1.82 8.71 1.56 7.39
Car 0.0 0 1.74 499.61 177.60 543.21 212.67 1.72 1.59 3.82 -4.66 2.01 38.26 1.62 0.51
Car 0.0 0 1.74 479.48 177.52 529.91 218.15 1.75 1.58 3.73 -4.84 1.99 33.49 1.60 0.36
Car 0.0 0 -1.64 652.38 180.61 692.18 216.44 1.54 1.57 3.46 2.84 1.93 33.58 -1.56 0.28
Car 0.0 0 0.43 246.20 182.57 379.33 234.39 1.52 1.62 4.08 -9.91 1.91 23.96 0.04 0.20
Car 0.0 0 -1.63 646.76 180.04 685.94 214.36 1.55 1.60 3.80 2.71 1.94 35.39 -1.55 0.20
Car 0.0 0 -1.71 667.68 182.06 740.46 239.83 1.52 1.64 3.83 2.65 1.81 21.30 -1.58 0.20
