Car 0.0 0 1.91 251.23 192.32 403.56 279.18 1.52 1.64 4.06 -5.80 1.96 15.18 1.54 7.99
Car 0.0 0 1.84 356.31 190.02 452.55 247.66 1.48 1.67 4.18 -5.93 2.00 21.13 1.56 6.21
Car 0.0 0 1.77 412.94 186.55 479.86 231.46 1.47 1.69 4.12 -5.93 2.01 26.54 1.55 3.63
Car 0.0 0 1.73 455.83 184.85 503.87 220.01 1.48 1.66 3.86 -5.96 2.06 33.23 1.55 2.51
Car 0.0 0 -1.69 663.82 173.34 706.68 206.84 1.60 1.65 3.66 3.80 1.66 37.10 -1.59 0.55
Car 0.0 0 2.69 789.44 151.86 927.70 199.25 1.76 1.71 4.35 9.59 0.99 28.34 3.02 1.61
Car 0.0 0 1.72 486.32 182.92 528.09 212.65 1.51 1.65 3.89 -5.62 2.09 39.73 1.58 0.86
Car 0.0 0 2.48 1100.70 133.18 1247.77 174.30 1.61 1.70 4.37 23.61 0.04 30.35 3.14 0.87
Car 0.0 0 -2.11 1052.37 141.89 1129.94 175.12 1.53 1.63 3.39 23.90 0.06 36.02 -1.52 0.32
Car 0.0 0 -1.70 660.42 173.29 712.91 205.70 1.61 1.66 3.83 4.05 1.68 38.60 -1.59 0.13
Car 0.0 0 2.53 1139.98 130.27 1297.46 175.56 1.71 1.75 4.31 24.04 0.10 28.68 -3.05 0.24
Car 0.0 0 -0.32 748.66 158.53 849.60 194.76 1.67 1.70 4.31 9.19 1.02 35.39 -0.06 0.08
