Car 0.0 0 -1.88 700.23 187.71 926.80 337.57 1.59 1.65 3.95 2.32 1.79 9.62 -1.61 10.22
Car 0.0 0 -2.72 263.23 192.15 424.11 254.69 1.48 1.58 3.69 -6.95 2.02 18.77 -3.07 1.29
Car 0.0 0 0.41 379.28 188.23 501.94 231.67 1.46 1.64 4.19 -6.14 2.05 26.10 0.18 0.92
Car 0.0 0 -1.68 631.57 188.72 661.39 214.50 1.42 1.56 3.66 2.13 2.40 43.14 -1.62 0.95
Car 0.0 0 0.61 128.69 196.80 366.33 297.22 1.47 1.56 3.95 -6.30 1.89 12.47 0.14 0.68
Car 0.0 0 2.09 42.21 205.09 421.30 388.27 1.45 1.62 3.86 -2.97 1.82 6.29 1.60 3.87
Car 0.0 0 1.38 719.50 188.82 771.31 222.38 1.46 1.51 3.40 6.44 2.25 34.71 1.56 0.12
Car 0.0 0 0.22 440.47 179.20 536.62 217.44 1.69 1.69 4.23 -5.78 2.03 34.43 0.05 0.14
Car 0.0 0 -2.94 404.96 186.42 511.17 227.69 1.52 1.64 4.20 -6.11 2.10 29.01 3.14 0.12
Car 0.0 0 0.40 335.46 192.26 461.01 239.85 1.48 1.55 3.91 -7.20 2.15 24.21 0.11 0.17
Car 0.0 0 -3.01 460.96 183.25 542.97 212.25 1.50 1.67 4.22 -6.21 2.18 41.71 3.12 0.09
Car 0.0 0 -2.78 257.26 193.54 418.09 256.17 1.46 1.56 3.75 -7.01 2.02 18.57 3.14 0.24
