Car 0.0 0 1.84 424.41 180.45 496.90 230.65 1.56 1.60 3.76 -5.06 1.84 24.73 1.64 5.35
Car 0.0 0 -1.78 705.68 178.66 802.92 242.76 1.48 1.63 3.85 3.62 1.65 18.89 -1.58 5.81
Car 0.0 0 -1.83 742.72 181.96 897.12 278.98 1.49 1.65 3.96 3.56 1.65 13.11 -1.55 10.71
Car 0.0 0 1.79 461.01 178.86 520.63 219.30 1.53 1.62 3.92 -4.88 1.80 29.85 1.62 3.08
Car 0.0 0 -2.00 804.40 185.56 1138.27 370.99 1.52 1.60 3.88 3.39 1.66 7.78 -1.54 13.41
Car 0.0 0 -1.70 699.56 178.05 758.31 224.76 1.47 1.59 3.55 4.05 1.67 25.12 -1.53 1.26
Car 0.0 0 2.14 1.84 196.06 313.22 371.51 1.45 1.62 4.12 -4.89 1.79 7.68 1.58 5.23
Car 0.0 0 -2.18 1045.82 173.82 1160.05 220.87 1.46 1.51 3.38 16.45 1.50 24.22 -1.58 0.61
Car 0.0 0 -1.69 699.30 178.43 759.24 224.77 1.48 1.60 3.57 4.06 1.68 25.31 -1.52 0.31
Car 0.0 0 -2.20 1163.69 171.38 1273.87 209.63 1.46 1.61 3.62 24.67 1.43 29.42 -1.50 0.07
