Car 0.0 0 -1.67 660.34 179.93 699.29 210.13 1.40 1.58 3.66 3.43 1.77 36.04 -1.57 2.18
Car 0.0 0 0.37 313.66 179.18 492.71 241.29 1.52 1.65 4.23 -5.53 1.74 19.39 0.09 2.00
Car 0.0 0 -2.67 3.57 191.52 342.49 305.39 1.44 1.64 4.01 -6.35 1.77 10.69 3.07 6.26
Car 0.0 0 -2.68 132.83 183.29 365.00 270.61 1.46 1.52 3.80 -6.85 1.73 13.75 3.14 2.20
Car 0.0 0 0.22 391.45 178.50 513.34 225.87 1.50 1.61 4.03 -5.36 1.72 24.58 0.01 0.34
Car 0.0 0 -3.04 462.88 174.12 557.32 208.72 1.55 1.67 4.24 -4.81 1.65 34.96 3.10 0.14
Car 0.0 0 0.34 359.20 179.67 507.36 231.63 1.47 1.60 4.21 -5.49 1.73 22.39 0.10 0.47
Car 0.0 0 0.20 427.36 168.94 544.76 218.21 1.75 1.71 4.25 -4.70 1.64 27.42 0.03 0.32
Car 0.0 0 0.36 282.88 180.89 469.04 246.99 1.51 1.58 3.95 -5.78 1.76 17.98 0.05 0.77
Car 0.0 0 0.19 454.65 171.91 555.35 211.84 1.62 1.66 4.21 -4.62 1.62 31.79 0.05 0.13
Car 0.0 0 -3.06 485.85 175.40 554.98 207.40 1.53 1.66 4.08 -4.62 1.72 37.70 3.10 0.09
Car 0.0 0 0.31 373.39 180.50 510.82 230.10 1.48 1.60 4.19 -5.42 1.77 23.48 0.08 0.20
