Car 0.0 0 -0.39 806.37 185.90 985.64 254.39 1.45 1.60 3.80 6.57 1.79 16.95 -0.01 4.71
Car 0.0 0 -0.22 714.61 179.15 819.76 219.78 1.50 1.66 3.73 6.08 1.77 28.39 -0.01 2.24
Car 0.0 0 -2.70 46.27 176.45 355.28 281.26 1.49 1.64 3.97 -6.53 1.61 11.60 3.06 5.70
Car 0.0 0 -1.67 640.93 178.81 672.71 204.92 1.39 1.56 3.58 2.61 1.76 41.40 -1.61 1.21
Car 0.0 0 0.36 295.72 175.63 478.24 241.46 1.53 1.62 4.00 -5.67 1.65 18.51 0.06 3.05
Car 0.0 0 -2.73 189.44 177.64 428.19 261.20 1.49 1.57 3.89 -5.97 1.64 14.53 -3.13 4.09
Car 0.0 0 -3.07 444.42 175.46 536.70 207.34 1.43 1.69 4.30 -5.78 1.60 34.82 3.05 0.82
Car 0.0 0 -2.89 338.52 171.08 494.74 228.93 1.65 1.67 4.26 -5.91 1.63 22.18 3.13 0.89
Car 0.0 0 2.50 902.63 187.12 1235.23 320.31 1.46 1.70 4.34 6.22 1.69 9.20 3.07 6.06
Car 0.0 0 -0.37 784.34 179.86 947.62 244.40 1.56 1.64 3.88 6.67 1.77 19.13 -0.03 2.49
Car 0.0 0 0.23 392.60 173.47 512.86 216.79 1.55 1.63 4.17 -5.98 1.60 27.50 0.02 0.14
