Car 0.0 0 -1.79 685.17 180.24 766.31 234.59 1.41 1.59 3.95 3.21 1.64 21.04 -1.63 4.54
Car 0.0 0 0.53 160.40 185.49 430.83 273.38 1.45 1.64 4.10 -5.92 1.74 13.76 0.12 6.53
Car 0.0 0 -1.69 652.78 171.03 692.86 204.71 1.66 1.68 4.11 3.24 1.60 38.22 -1.60 1.60
Car 0.0 0 -1.91 727.31 185.69 963.62 329.32 1.50 1.66 4.34 2.80 1.69 9.69 -1.60 11.40
Car 0.0 0 -2.77 284.84 167.59 438.53 238.07 1.85 1.71 4.08 -7.16 1.76 20.79 -3.10 1.13
Car 0.0 0 -2.23 410.18 179.68 514.48 221.77 1.43 1.61 3.80 -5.57 1.72 26.99 -2.44 0.26
Car 0.0 0 -3.00 468.71 174.70 548.21 207.70 1.59 1.65 3.90 -5.28 1.73 37.72 3.14 0.15
Car 0.0 0 -3.00 449.83 174.96 544.09 212.20 1.56 1.63 3.89 -5.15 1.70 32.96 3.13 0.11
Car 0.0 0 -2.74 266.21 172.36 438.78 241.37 1.71 1.64 3.95 -7.14 1.76 19.92 -3.08 0.69
Car 0.0 0 -2.77 385.04 180.35 492.02 227.33 1.48 1.56 3.52 -5.93 1.76 24.80 -3.00 0.35
Car 0.0 0 -2.99 467.20 175.09 551.70 208.68 1.58 1.65 3.97 -5.17 1.75 37.08 -3.12 0.11
Car 0.0 0 -2.76 261.53 177.03 439.71 239.72 1.58 1.64 3.96 -7.22 1.73 20.08 -3.11 0.33
Car 0.0 0 -3.06 501.34 175.28 551.85 204.47 1.57 1.66 3.90 -4.86 1.78 42.35 3.11 0.08
Car 0.0 0 -2.97 435.34 179.23 508.45 219.99 1.47 1.61 3.87 -5.44 1.76 28.58 3.12 0.07
Car 0.0 0 0.75 -32.39 177.18 243.97 348.81 1.50 1.61 4.17 -6.11 1.57 7.45 0.14 0.93
