Car 0.0 0 -1.74 691.73 176.04 775.67 236.35 1.56 1.66 4.02 3.41 1.67 20.81 -1.56 5.29
Car 0.0 0 1.82 399.80 190.08 478.87 236.63 1.47 1.68 4.09 -5.92 2.09 25.36 1.59 4.18
Car 0.0 0 1.90 297.58 194.29 418.15 263.72 1.50 1.69 4.15 -6.20 2.06 18.10 1.56 6.84
Car 0.0 0 -1.70 673.23 175.45 743.57 223.30 1.62 1.66 3.96 3.50 1.73 26.51 -1.57 1.85
Car 0.0 0 2.03 115.03 204.97 335.93 320.32 1.49 1.60 3.94 -6.01 2.03 11.73 1.55 7.68
Car 0.0 0 -0.08 655.29 177.85 714.87 210.57 1.55 1.68 3.99 3.75 1.84 36.68 0.02 0.49
Car 0.0 0 2.54 963.41 134.46 1241.04 228.38 1.73 1.69 4.30 9.92 1.03 14.73 3.14 4.35
Car 0.0 0 1.77 445.43 186.19 501.50 224.71 1.53 1.64 4.02 -5.91 2.14 31.52 1.59 1.23
Car 0.0 0 1.74 489.76 185.54 528.64 212.19 1.48 1.53 3.83 -6.05 2.28 43.57 1.60 0.28
Car 0.0 0 2.78 837.58 155.48 972.46 208.77 1.67 1.68 3.77 9.53 1.13 23.68 -3.12 0.22
Car 0.0 0 2.67 892.96 147.09 1052.16 213.09 1.71 1.67 3.68 9.86 1.04 19.84 3.14 0.36
