Car 0.0 0 1.66 545.36 182.69 584.08 216.71 1.42 1.53 3.33 -2.06 1.89 32.70 1.60 2.38
Car 0.0 0 -1.70 657.95 176.83 701.33 212.39 1.55 1.60 3.78 3.18 1.77 34.08 -1.61 1.75
Car 0.0 0 -1.79 703.38 187.83 802.18 260.36 1.43 1.54 3.65 3.06 1.78 16.38 -1.59 6.41
Car 0.0 0 0.39 258.10 180.66 459.98 250.80 1.46 1.59 4.18 -5.73 1.68 16.76 0.06 1.91
Car 0.0 0 -3.00 318.58 177.90 484.27 236.61 1.52 1.66 4.30 -5.83 1.69 20.29 3.00 1.32
Car 0.0 0 0.47 199.73 180.03 447.14 269.48 1.50 1.63 3.96 -5.42 1.69 13.77 0.09 4.51
Car 0.0 0 -2.00 773.73 204.02 1100.40 390.68 1.43 1.58 3.75 2.74 1.77 7.16 -1.57 6.28
Car 0.0 0 0.67 -29.75 162.18 315.77 321.42 1.58 1.65 4.16 -5.93 1.54 8.32 0.10 3.52
Car 0.0 0 0.15 474.53 178.72 551.02 208.06 1.51 1.68 3.90 -5.34 1.86 39.62 0.02 0.17
Car 0.0 0 -2.65 43.71 174.96 318.22 295.06 1.53 1.50 3.59 -6.30 1.62 10.59 3.10 1.06
Car 0.0 0 -2.71 82.80 176.63 334.28 287.87 1.54 1.51 3.54 -6.13 1.63 11.12 3.07 0.94
Car 0.0 0 -3.04 370.78 177.29 491.36 224.44 1.47 1.56 3.97 -6.00 1.63 24.08 3.00 0.15
Car 0.0 0 -2.56 -31.89 169.00 304.06 319.60 1.55 1.60 4.00 -5.92 1.56 8.80 3.14 1.68
