Car 0.0 0 -1.67 603.71 182.87 652.43 223.83 1.47 1.59 3.67 0.61 1.89 28.39 -1.64 3.09
Car 0.0 0 1.81 288.82 199.46 428.23 298.63 1.45 1.55 3.66 -4.35 1.96 12.88 1.48 8.58
Car 0.0 0 -1.85 710.70 189.44 901.24 311.96 1.50 1.61 3.75 2.65 1.77 10.86 -1.59 10.83
Car 0.0 0 -1.79 646.12 176.22 753.27 263.28 1.68 1.62 3.85 1.82 1.78 15.99 -1.67 7.11
Car 0.0 0 -1.72 623.42 180.07 692.54 240.30 1.59 1.55 3.33 1.29 1.82 21.06 -1.66 2.06
Car 0.0 0 2.04 -68.76 207.22 338.54 388.54 1.43 1.64 3.74 -3.60 1.80 6.14 1.46 4.89
Car 0.0 0 1.70 484.02 181.75 514.25 208.13 1.58 1.54 3.76 -7.15 2.19 46.41 1.54 0.72
Car 0.0 0 -2.10 789.02 192.63 1244.09 371.40 1.43 1.62 3.77 2.95 1.67 6.00 -1.58 3.05
Car 0.0 0 1.70 420.84 174.74 488.20 237.42 1.77 1.62 3.98 -4.90 1.88 22.96 1.49 0.53
Car 0.0 0 -1.65 595.14 180.57 630.94 211.49 1.53 1.63 3.76 0.10 2.00 39.21 -1.64 0.13
Car 0.0 0 -2.10 805.03 191.46 1244.70 380.36 1.43 1.62 3.76 2.84 1.65 5.78 -1.58 1.77
Car 0.0 0 -1.65 601.77 181.28 640.32 216.36 1.54 1.67 3.90 0.47 1.99 35.25 -1.63 0.08
