Car 0.0 0 -1.66 648.71 179.26 693.31 217.41 1.46 1.61 3.69 2.45 1.74 29.91 -1.57 3.01
Car 0.0 0 1.84 351.03 189.98 479.39 270.07 1.42 1.66 4.01 -3.98 1.80 15.29 1.58 7.86
Car 0.0 0 2.04 42.20 194.36 403.67 379.43 1.49 1.68 4.29 -3.75 1.78 7.90 1.55 10.93
Car 0.0 0 2.78 776.77 156.98 949.25 218.34 1.80 1.70 4.58 7.79 1.37 22.60 3.12 2.56
Car 0.0 0 2.97 746.88 162.93 856.41 203.59 1.66 1.68 4.37 8.18 1.29 31.14 -3.05 0.43
Car 0.0 0 1.76 435.70 181.53 491.90 221.13 1.56 1.70 4.26 -6.29 1.96 31.30 1.56 0.72
Car 0.0 0 1.74 483.25 183.05 516.56 208.47 1.47 1.61 3.93 -6.84 2.13 44.89 1.59 0.75
Car 0.0 0 -2.08 953.00 153.90 1018.33 182.24 1.54 1.70 3.54 21.70 0.48 41.81 -1.60 0.30
Car 0.0 0 -2.07 984.06 152.23 1044.58 183.21 1.73 1.73 3.46 23.97 0.57 42.89 -1.56 0.15
Car 0.0 0 -0.30 759.01 159.39 875.15 207.06 1.71 1.65 4.26 7.86 1.24 27.66 -0.02 0.10
