Car 0.0 0 -1.42 449.05 179.07 509.68 225.18 1.43 1.57 3.60 -4.40 1.25 24.82 -1.59 4.28
Car 0.0 0 -1.37 334.13 175.82 474.95 273.87 1.61 1.63 3.93 -3.81 1.45 13.86 -1.64 9.47
Car 0.0 0 -1.59 579.51 174.86 647.11 238.15 1.54 1.68 3.41 0.09 1.29 19.58 -1.58 6.79
Car 0.0 0 -1.15 191.57 184.00 326.70 255.83 1.43 1.59 3.49 -7.98 1.45 16.65 -1.60 7.05
Car 0.0 0 -1.47 486.42 179.28 526.50 210.65 1.43 1.55 3.51 -5.01 1.16 35.71 -1.61 0.51
Car 0.0 0 -1.45 510.49 177.53 543.23 203.24 1.43 1.59 3.82 -4.89 1.01 43.53 -1.56 0.42
Car 0.0 0 -1.57 579.44 174.89 626.84 217.13 1.55 1.63 3.63 -0.21 1.19 29.22 -1.57 0.30
Car 0.0 0 -1.45 512.37 177.01 542.93 203.13 1.45 1.59 3.85 -4.85 1.00 43.72 -1.56 0.25
Car 0.0 0 -1.57 589.63 175.43 636.80 216.75 1.55 1.64 3.68 0.16 1.17 29.80 -1.56 0.31
Car 0.0 0 -1.56 582.23 175.12 628.64 217.05 1.55 1.62 3.61 -0.13 1.17 29.45 -1.57 0.28
