Car 0.0 0 -1.67 655.84 173.29 692.12 204.69 1.52 1.59 3.70 3.29 1.58 37.86 -1.58 1.49
Car 0.0 0 1.65 552.92 178.82 588.80 208.59 1.40 1.56 3.36 -2.01 1.73 36.77 1.59 1.90
Car 0.0 0 -1.74 689.69 181.35 765.33 238.18 1.42 1.54 3.69 3.17 1.68 20.44 -1.57 4.10
Car 0.0 0 -1.84 725.92 190.54 896.59 303.61 1.43 1.61 4.19 2.85 1.72 11.22 -1.57 10.15
Car 0.0 0 0.40 275.35 177.70 480.25 247.19 1.49 1.66 4.02 -5.47 1.65 17.28 0.09 4.37
Car 0.0 0 -3.04 359.49 175.38 502.78 223.75 1.49 1.66 4.29 -5.92 1.61 24.13 3.00 0.78
Car 0.0 0 0.49 131.05 170.12 394.01 273.74 1.59 1.61 3.95 -5.86 1.59 12.29 0.04 3.32
Car 0.0 0 0.43 215.14 175.80 413.59 258.06 1.54 1.53 3.66 -6.04 1.64 14.91 0.04 0.91
Car 0.0 0 -2.91 337.29 177.64 494.40 231.37 1.46 1.60 4.21 -5.75 1.63 21.46 3.11 0.65
Car 0.0 0 -3.08 477.26 175.55 552.66 202.13 1.46 1.66 4.11 -5.63 1.66 42.52 3.07 0.17
