Car 0.0 0 1.79 442.52 184.61 518.30 235.44 1.53 1.70 4.06 -4.27 1.95 24.23 1.61 5.46
Car 0.0 0 -1.72 708.23 180.46 770.17 228.82 1.50 1.59 3.70 4.30 1.78 24.77 -1.54 4.67
Car 0.0 0 -1.74 728.06 182.78 813.10 245.93 1.46 1.56 3.60 4.04 1.73 18.84 -1.53 6.93
Car 0.0 0 -1.88 757.75 178.87 912.82 277.84 1.56 1.63 3.73 3.95 1.69 13.36 -1.58 9.04
Car 0.0 0 -2.03 840.82 190.40 1186.67 374.44 1.48 1.61 3.91 3.81 1.68 7.74 -1.52 12.64
Car 0.0 0 1.75 486.52 184.85 541.36 223.62 1.49 1.52 3.66 -3.99 2.02 30.42 1.62 2.24
Car 0.0 0 -1.70 691.46 178.08 740.05 218.85 1.57 1.65 3.93 4.34 1.82 30.29 -1.55 1.13
Car 0.0 0 1.72 510.66 183.50 555.67 215.62 1.50 1.65 4.15 -3.90 2.09 36.95 1.62 0.65
Car 0.0 0 0.93 1054.59 173.85 1169.15 214.75 1.47 1.55 4.21 19.50 1.53 28.19 1.54 0.28
Car 0.0 0 -2.28 1151.18 174.27 1255.07 225.91 1.51 1.59 3.65 19.19 1.59 23.00 -1.59 0.30
Car 0.0 0 1.74 561.69 179.72 591.09 202.85 1.62 1.61 3.85 -2.53 2.17 54.22 1.70 0.20
Car 0.0 0 -1.67 686.62 177.53 725.92 211.25 1.58 1.64 3.97 4.87 1.85 37.07 -1.54 0.07
Car 0.0 0 -2.65 934.58 176.16 1022.78 205.46 1.45 1.46 3.86 19.63 1.68 38.56 -2.17 0.09
Car 0.0 0 -2.64 919.02 177.15 998.35 205.73 1.48 1.45 3.81 19.69 1.77 40.95 -2.19 0.08
