Car 0.0 0 -1.77 670.93 176.88 760.51 250.82 1.65 1.65 3.88 2.52 1.78 18.22 -1.62 5.54
Car 0.0 0 -2.85 278.91 183.30 455.96 244.95 1.51 1.64 4.15 -6.54 1.82 19.52 3.11 2.14
Car 0.0 0 -2.00 752.68 198.30 1064.78 379.25 1.45 1.58 3.66 2.72 1.73 7.66 -1.61 11.63
Car 0.0 0 -1.73 657.58 179.88 724.68 230.76 1.47 1.62 3.75 2.47 1.73 23.26 -1.62 2.22
Car 0.0 0 0.41 220.60 183.72 429.55 259.27 1.50 1.57 3.96 -6.36 1.79 16.10 0.04 3.03
Car 0.0 0 -2.64 22.32 166.37 357.03 299.37 1.79 1.73 4.12 -6.33 1.74 11.01 3.12 4.75
Car 0.0 0 -1.70 644.24 178.87 687.98 215.34 1.44 1.64 3.95 2.30 1.73 31.05 -1.62 0.54
Car 0.0 0 -2.82 386.03 182.41 491.59 223.54 1.45 1.62 3.66 -6.52 1.82 27.24 -3.06 0.79
Car 0.0 0 0.48 161.38 175.04 410.73 271.47 1.60 1.61 3.89 -6.04 1.72 13.61 0.06 2.61
Car 0.0 0 -2.97 426.77 177.53 518.07 215.93 1.58 1.64 3.87 -6.14 1.81 32.00 3.13 0.17
Car 0.0 0 -1.66 635.17 178.59 667.11 206.02 1.45 1.61 3.63 2.25 1.80 41.02 -1.61 0.16
Car 0.0 0 0.12 464.82 178.72 543.03 207.03 1.49 1.66 3.97 -6.10 1.88 41.44 -0.02 0.11
Car 0.0 0 -3.02 471.23 178.27 543.37 206.54 1.47 1.64 3.91 -5.84 1.83 41.11 3.12 0.11
Car 0.0 0 -2.94 392.48 182.84 496.13 224.22 1.47 1.64 3.80 -6.35 1.87 27.49 3.12 0.24
Car 0.0 0 -1.68 639.25 178.78 683.74 214.02 1.47 1.65 3.94 2.28 1.76 32.88 -1.61 0.08
Car 0.0 0 -2.83 240.24 186.08 432.11 258.67 1.49 1.57 3.99 -6.26 1.83 16.64 3.09 0.74
Car 0.0 0 -3.03 477.59 178.10 546.81 205.84 1.48 1.65 3.88 -5.75 1.85 42.21 3.11 0.07
