Car 0.0 0 -1.93 747.72 176.53 1014.92 349.06 1.60 1.64 3.89 2.88 1.67 8.69 -1.57 12.66
Car 0.0 0 -2.18 706.31 177.21 779.50 208.89 1.44 1.62 3.66 6.40 1.68 35.26 -2.00 1.64
Car 0.0 0 -2.84 325.42 175.59 476.01 231.67 1.52 1.62 3.88 -6.16 1.64 21.32 -3.13 1.17
Car 0.0 0 0.44 235.97 178.65 452.48 256.51 1.47 1.64 4.01 -5.72 1.66 15.74 0.08 3.64
Car 0.0 0 -2.63 122.29 171.60 383.48 270.49 1.56 1.61 3.70 -6.24 1.58 12.57 -3.09 1.37
Car 0.0 0 -2.91 386.41 167.10 510.72 218.44 1.82 1.78 4.54 -6.15 1.64 27.47 -3.13 0.50
Car 0.0 0 -2.84 319.95 178.59 475.86 234.40 1.48 1.59 3.84 -6.15 1.67 20.88 -3.13 0.29
Car 0.0 0 -2.91 425.07 170.31 524.00 208.06 1.66 1.65 4.14 -6.53 1.59 34.78 -3.10 0.09
Car 0.0 0 -1.67 621.77 176.15 658.15 201.12 1.46 1.59 3.61 1.82 1.70 45.61 -1.63 0.23
Car 0.0 0 -2.65 109.76 174.29 371.68 277.94 1.57 1.62 3.75 -6.32 1.62 12.30 -3.12 0.44
