Car 0.0 0 -1.69 657.96 174.30 697.13 207.69 1.54 1.63 3.91 3.30 1.64 35.98 -1.59 1.79
Car 0.0 0 1.63 550.52 179.37 587.43 211.06 1.40 1.55 3.33 -1.99 1.74 34.63 1.57 1.95
Car 0.0 0 -1.77 696.12 183.07 782.73 246.40 1.40 1.54 3.62 3.12 1.69 18.28 -1.59 5.75
Car 0.0 0 -1.90 745.34 195.07 973.78 337.51 1.43 1.59 4.01 2.83 1.72 9.23 -1.57 9.56
Car 0.0 0 0.46 248.83 177.52 467.03 255.40 1.49 1.63 3.94 -5.44 1.65 15.62 0.12 4.33
Car 0.0 0 -2.99 330.02 176.65 493.41 231.92 1.48 1.64 4.32 -5.76 1.62 21.14 3.03 1.08
Car 0.0 0 -2.70 135.79 174.36 368.80 269.81 1.54 1.52 3.62 -6.36 1.61 12.96 3.13 1.79
Car 0.0 0 0.38 295.02 178.70 480.55 241.27 1.46 1.58 4.18 -5.70 1.64 18.60 0.08 1.12
Car 0.0 0 0.60 24.14 163.49 362.16 290.71 1.61 1.63 3.99 -6.04 1.56 10.40 0.08 3.16
Car 0.0 0 -3.04 369.94 175.40 497.97 222.83 1.50 1.62 4.23 -6.00 1.61 24.58 3.00 0.37
Car 0.0 0 -3.04 475.10 176.26 547.62 203.79 1.45 1.65 3.94 -5.59 1.69 40.73 3.11 0.20
Car 0.0 0 -3.07 488.17 176.28 555.31 203.24 1.48 1.65 4.01 -5.25 1.72 42.50 3.09 0.10
Car 0.0 0 -2.98 354.17 176.89 497.27 226.28 1.45 1.58 4.14 -5.87 1.62 23.12 3.06 0.16
