Car 0.0 0 -1.76 723.55 180.17 807.11 242.90 1.51 1.60 3.70 4.07 1.73 19.57 -1.55 7.10
Car 0.0 0 1.84 380.91 184.01 485.88 250.64 1.53 1.66 3.83 -4.52 1.85 18.93 1.60 7.40
Car 0.0 0 -1.72 700.86 178.93 766.05 226.01 1.47 1.65 3.92 4.14 1.70 24.98 -1.55 3.59
Car 0.0 0 -1.83 757.34 182.58 901.82 276.54 1.49 1.59 3.66 3.89 1.70 13.42 -1.53 10.69
Car 0.0 0 -2.03 827.40 181.60 1126.80 354.56 1.53 1.56 3.55 3.76 1.64 8.23 -1.56 13.47
Car 0.0 0 1.79 446.58 182.46 517.75 231.28 1.51 1.57 3.72 -4.36 1.87 24.92 1.61 3.98
Car 0.0 0 -1.67 689.34 178.13 736.78 215.85 1.49 1.66 3.85 4.34 1.74 31.03 -1.53 0.81
Car 0.0 0 1.75 543.23 177.52 578.84 203.04 1.58 1.65 3.88 -3.21 1.92 47.64 1.69 1.03
Car 0.0 0 1.76 480.50 181.53 536.52 220.40 1.50 1.64 4.02 -4.26 1.89 30.65 1.62 1.34
Car 0.0 0 0.97 1050.03 176.25 1153.59 216.76 1.44 1.57 3.70 18.88 1.59 27.80 1.57 0.39
Car 0.0 0 -2.08 971.72 177.16 1081.85 212.65 1.47 1.53 4.10 18.83 1.73 32.86 -1.56 0.10
Car 0.0 0 0.93 1125.69 174.31 1249.97 225.26 1.53 1.61 3.92 19.20 1.60 23.59 1.61 0.29
