Car 0.0 0 2.76 703.29 170.16 834.90 220.73 1.59 1.67 4.20 5.31 1.56 24.53 2.97 2.95
Car 0.0 0 -2.68 151.98 173.03 379.85 265.19 1.52 1.63 3.68 -6.29 1.57 13.36 -3.13 6.18
Car 0.0 0 -2.96 412.75 173.29 508.00 209.12 1.44 1.59 3.73 -6.47 1.50 31.25 3.12 1.22
Car 0.0 0 -1.92 747.94 186.95 980.47 334.70 1.44 1.60 3.65 2.82 1.64 9.01 -1.58 8.68
Car 0.0 0 -3.07 442.94 170.19 530.94 203.84 1.53 1.66 3.88 -6.04 1.44 35.39 3.05 0.67
Car 0.0 0 -0.35 766.90 176.91 913.57 237.46 1.49 1.56 3.79 6.11 1.63 19.45 -0.04 1.07
Car 0.0 0 -2.77 258.98 166.02 471.06 245.33 1.69 1.67 4.12 -5.62 1.58 16.72 -3.10 0.95
Car 0.0 0 -3.04 462.62 168.90 538.40 196.45 1.55 1.64 3.93 -6.63 1.35 43.80 3.09 0.17
Car 0.0 0 -2.91 359.73 174.52 467.21 219.42 1.42 1.52 3.58 -6.69 1.50 24.59 3.11 0.17
Car 0.0 0 0.59 -8.16 165.41 317.91 314.32 1.57 1.65 4.10 -5.88 1.51 8.32 0.03 1.55
Car 0.0 0 -0.45 789.02 181.36 981.93 251.73 1.47 1.56 3.91 6.21 1.67 16.63 -0.09 0.33
Car 0.0 0 0.57 -15.87 161.37 286.52 319.94 1.54 1.66 4.24 -6.01 1.44 7.73 -0.01 0.73
Car 0.0 0 -0.49 802.04 182.40 990.41 254.28 1.49 1.60 4.09 6.38 1.71 16.37 -0.12 0.35
Car 0.0 0 0.57 -36.83 161.10 296.49 317.73 1.59 1.66 4.20 -5.99 1.50 8.21 -0.01 1.13
