Car 0.0 0 1.76 471.75 181.54 525.06 220.27 1.51 1.62 3.63 -4.70 1.90 30.66 1.61 3.88
Car 0.0 0 1.95 264.88 193.32 428.12 283.24 1.44 1.61 4.04 -4.93 1.86 13.95 1.60 8.68
Car 0.0 0 -1.82 736.72 184.69 873.80 275.02 1.45 1.63 3.89 3.50 1.69 13.65 -1.56 9.70
Car 0.0 0 -2.00 794.54 188.69 1082.93 348.45 1.50 1.63 4.14 3.51 1.68 8.72 -1.58 12.63
Car 0.0 0 -1.77 712.51 181.12 799.12 243.54 1.47 1.64 3.67 3.71 1.71 19.13 -1.57 5.47
Car 0.0 0 -1.71 692.83 180.55 757.91 227.42 1.47 1.68 4.09 3.89 1.76 25.17 -1.56 2.60
Car 0.0 0 2.10 -10.55 198.46 339.04 365.45 1.51 1.65 4.25 -4.92 1.83 8.69 1.55 8.74
Car 0.0 0 1.71 499.26 180.88 543.00 213.14 1.50 1.63 3.93 -4.46 1.93 36.37 1.59 1.58
Car 0.0 0 -2.20 963.30 176.64 1067.35 214.59 1.47 1.53 3.84 16.68 1.64 29.87 -1.68 0.86
Car 0.0 0 -2.23 1053.02 176.95 1195.23 227.14 1.48 1.57 3.77 16.25 1.62 23.03 -1.61 0.47
