Car 0.0 0 -1.78 656.70 184.85 721.67 229.60 1.45 1.62 3.91 2.68 1.89 25.62 -1.67 4.11
Car 0.0 0 -1.70 632.35 182.65 672.81 215.24 1.48 1.62 3.71 2.01 1.99 35.53 -1.64 1.72
Car 0.0 0 -2.89 290.13 192.50 461.78 249.21 1.47 1.63 4.18 -6.64 2.07 20.67 3.08 4.58
Car 0.0 0 -2.57 875.69 178.21 1132.70 271.92 1.50 1.71 4.03 7.00 1.61 13.01 -2.07 5.01
Car 0.0 0 -2.78 191.32 195.61 393.93 266.64 1.45 1.57 3.89 -7.21 2.02 16.58 3.09 3.36
Car 0.0 0 -2.87 350.40 187.75 484.59 233.18 1.52 1.65 4.28 -6.87 2.09 25.98 -3.13 0.68
Car 0.0 0 -2.73 152.52 197.71 373.23 278.00 1.45 1.54 3.87 -6.99 1.99 14.61 3.11 1.87
Car 0.0 0 -2.70 86.66 189.08 366.89 285.50 1.59 1.62 3.97 -7.05 1.95 13.33 3.09 2.59
Car 0.0 0 -2.96 434.95 184.74 528.92 216.65 1.49 1.66 4.34 -6.39 2.12 36.04 -3.14 0.37
Car 0.0 0 0.20 398.30 187.24 504.40 223.30 1.47 1.65 4.27 -6.95 2.15 31.64 -0.02 0.19
Car 0.0 0 -3.03 452.35 183.85 532.50 213.98 1.54 1.69 4.33 -6.37 2.17 39.60 3.10 0.08
Car 0.0 0 -2.90 361.02 188.36 487.71 232.62 1.49 1.63 4.14 -6.69 2.09 26.26 3.14 0.19
