Car 0.0 0 -1.69 628.72 181.04 668.86 213.29 1.49 1.63 3.73 1.85 1.94 36.26 -1.64 1.36
Car 0.0 0 -1.76 650.90 183.01 709.20 224.99 1.46 1.59 3.64 2.53 1.86 27.33 -1.66 3.71
Car 0.0 0 -2.86 309.55 190.93 466.41 243.67 1.48 1.65 4.10 -6.76 2.08 22.22 3.12 3.77
Car 0.0 0 -2.51 846.46 174.76 1062.38 257.36 1.58 1.71 3.96 7.27 1.65 15.47 -2.07 4.72
Car 0.0 0 -2.79 224.55 194.23 407.50 260.72 1.48 1.58 3.93 -7.26 2.04 17.85 3.10 1.69
Car 0.0 0 -2.93 360.44 187.15 486.77 230.69 1.50 1.66 4.31 -6.93 2.08 26.94 3.10 0.63
Car 0.0 0 -3.00 442.10 183.00 528.74 214.31 1.54 1.69 4.26 -6.53 2.10 37.82 3.11 0.34
Car 0.0 0 -2.76 146.80 186.01 393.47 276.31 1.61 1.67 4.11 -6.71 1.93 14.42 3.08 1.28
Car 0.0 0 -2.80 235.93 194.49 410.22 258.58 1.47 1.57 3.91 -7.22 2.05 18.29 3.11 0.77
Car 0.0 0 -2.97 396.47 186.16 500.85 222.57 1.46 1.62 4.26 -6.97 2.08 31.32 3.10 0.12
Car 0.0 0 -3.04 453.50 182.23 530.77 212.21 1.55 1.71 4.22 -6.53 2.12 40.40 3.08 0.10
Car 0.0 0 -2.64 -15.46 170.08 349.38 320.43 1.79 1.76 4.37 -6.15 1.80 9.69 3.10 1.24
Car 0.0 0 -2.92 361.86 187.43 487.81 231.23 1.50 1.64 4.17 -6.84 2.08 26.85 3.11 0.16
