Car 0.0 0 1.78 533.59 184.80 574.55 214.19 1.52 1.66 3.71 -3.07 2.20 40.06 1.71 2.17
Car 0.0 0 1.95 259.24 194.97 435.77 299.30 1.51 1.63 3.96 -4.51 1.94 12.87 1.60 9.53
Car 0.0 0 2.09 7.05 207.20 335.05 381.30 1.47 1.57 3.86 -4.62 1.91 8.15 1.55 9.00
Car 0.0 0 -1.70 706.64 183.64 760.08 225.24 1.51 1.68 4.03 4.79 1.96 28.80 -1.53 0.49
Car 0.0 0 -1.83 733.83 175.04 856.62 265.08 1.78 1.68 4.38 4.01 1.87 16.40 -1.58 3.35
Car 0.0 0 -1.73 722.81 186.15 801.86 243.92 1.48 1.56 3.47 4.23 1.88 20.66 -1.53 0.89
Car 0.0 0 -1.64 689.00 182.43 724.29 211.93 1.53 1.62 3.76 5.37 2.11 40.55 -1.51 0.22
Car 0.0 0 1.76 557.92 183.03 587.63 207.67 1.55 1.61 4.15 -2.51 2.28 48.97 1.71 0.32
Car 0.0 0 -1.73 718.64 185.18 794.72 239.33 1.49 1.54 3.37 4.36 1.87 21.91 -1.53 0.17
Car 0.0 0 -1.65 693.93 182.46 730.66 213.66 1.54 1.62 3.66 5.42 2.09 38.78 -1.51 0.09
Car 0.0 0 -1.68 705.32 184.42 761.08 225.56 1.54 1.65 4.01 4.97 2.02 29.72 -1.51 0.11
Car 0.0 0 -1.69 705.20 183.95 758.68 225.00 1.52 1.67 4.03 4.85 2.00 29.25 -1.53 0.14
