Car 0.0 0 1.78 457.73 179.70 516.45 221.89 1.53 1.59 3.68 -4.83 1.82 28.54 1.62 4.09
Car 0.0 0 -1.79 719.87 179.83 820.70 250.73 1.49 1.66 3.91 3.67 1.66 17.26 -1.57 7.92
Car 0.0 0 -1.74 696.74 178.83 769.42 230.17 1.45 1.65 3.99 3.76 1.66 22.83 -1.57 4.49
Car 0.0 0 1.98 192.13 194.98 397.92 304.89 1.43 1.63 3.93 -4.92 1.82 11.80 1.57 8.93
Car 0.0 0 -1.85 753.61 182.63 929.22 293.33 1.48 1.64 4.08 3.49 1.66 11.71 -1.54 10.75
Car 0.0 0 1.74 489.76 178.25 535.71 213.50 1.58 1.60 3.92 -4.66 1.86 34.87 1.61 1.67
Car 0.0 0 -2.12 833.09 184.06 1236.40 379.55 1.48 1.63 3.98 3.45 1.64 6.65 -1.59 7.50
Car 0.0 0 -1.67 692.06 177.86 744.54 218.31 1.45 1.66 3.86 4.17 1.67 28.44 -1.52 0.53
Car 0.0 0 -2.15 999.16 175.36 1101.64 211.10 1.43 1.57 4.11 18.90 1.57 31.39 -1.60 0.12
Car 0.0 0 2.22 8.95 198.71 297.17 382.85 1.51 1.67 4.26 -4.74 1.79 6.62 1.66 1.88
Car 0.0 0 -2.25 1087.37 175.25 1226.68 228.43 1.50 1.63 4.18 17.09 1.60 22.51 -1.60 0.13
