Car 0.0 0 1.70 542.96 168.40 590.78 205.16 1.58 1.64 3.80 -1.96 1.40 33.60 1.64 2.68
Car 0.0 0 -1.74 708.49 175.33 771.60 222.03 1.52 1.60 3.76 4.53 1.63 25.85 -1.56 3.86
Car 0.0 0 -1.82 751.02 183.79 881.34 270.11 1.46 1.60 3.78 3.85 1.68 14.28 -1.54 6.79
Car 0.0 0 -1.71 691.78 173.79 736.26 210.75 1.51 1.55 3.48 4.48 1.58 31.93 -1.57 1.96
Car 0.0 0 1.08 831.99 191.42 1129.20 360.60 1.50 1.61 3.93 3.92 1.74 8.58 1.56 10.48
Car 0.0 0 -1.77 733.17 177.26 820.61 243.63 1.53 1.59 3.51 4.19 1.67 18.74 -1.54 2.92
Car 0.0 0 -1.39 450.11 166.91 548.92 252.70 1.74 1.62 3.88 -2.54 1.65 17.16 -1.54 0.69
Car 0.0 0 -1.67 680.68 171.61 718.12 203.32 1.54 1.61 3.73 4.67 1.52 38.38 -1.55 0.12
Car 0.0 0 -1.65 678.29 172.29 710.59 200.47 1.53 1.60 3.78 4.88 1.52 42.38 -1.53 0.08
Car 0.0 0 1.77 456.06 173.68 546.46 250.91 1.58 1.58 3.77 -2.51 1.65 17.30 1.62 0.28
Car 0.0 0 1.07 939.36 189.67 1129.22 301.47 1.50 1.57 3.93 6.54 1.78 11.65 1.61 0.25
