Car 0.0 0 -1.77 672.58 183.37 757.12 244.51 1.43 1.60 4.16 2.60 1.72 19.08 -1.62 5.61
Car 0.0 0 1.66 553.78 174.95 584.01 201.27 1.42 1.52 3.40 -2.40 1.58 42.06 1.60 1.19
Car 0.0 0 0.52 87.40 176.37 401.57 277.85 1.46 1.63 4.29 -6.10 1.61 12.15 0.05 6.10
Car 0.0 0 0.39 368.04 175.15 511.52 222.99 1.46 1.68 4.36 -5.71 1.59 24.09 0.16 1.69
Car 0.0 0 -1.71 657.97 178.27 707.41 218.87 1.42 1.55 3.82 2.71 1.66 28.05 -1.61 1.45
Car 0.0 0 -3.07 414.05 175.75 518.96 212.69 1.47 1.67 4.38 -6.14 1.62 30.76 3.01 0.36
Car 0.0 0 0.38 334.54 174.76 479.49 230.41 1.53 1.62 3.88 -5.94 1.61 21.02 0.10 0.63
Car 0.0 0 -3.08 409.55 174.87 518.82 211.58 1.47 1.67 4.33 -6.20 1.59 30.95 3.00 0.30
Car 0.0 0 -2.76 230.40 173.05 423.30 248.92 1.54 1.59 3.83 -6.29 1.58 16.03 -3.14 0.90
Car 0.0 0 -1.72 658.92 179.20 711.44 221.84 1.45 1.52 3.55 2.74 1.72 27.35 -1.61 0.27
