Car 0.0 0 -1.79 665.13 181.89 758.16 245.57 1.45 1.65 4.14 2.46 1.70 18.72 -1.65 6.01
Car 0.0 0 0.39 346.43 181.86 489.00 231.11 1.41 1.67 3.98 -6.01 1.74 22.65 0.13 3.41
Car 0.0 0 -1.97 747.07 191.13 987.58 336.33 1.43 1.56 3.37 2.89 1.69 9.07 -1.63 10.92
Car 0.0 0 -2.61 86.84 189.10 362.35 286.54 1.44 1.58 3.88 -6.50 1.77 12.28 -3.10 5.15
Car 0.0 0 -1.69 653.47 178.68 703.93 217.63 1.40 1.61 3.76 2.60 1.66 28.50 -1.59 0.82
Car 0.0 0 -2.75 184.03 180.26 405.28 261.32 1.53 1.59 4.02 -6.64 1.74 15.27 3.12 2.70
Car 0.0 0 -2.90 384.48 173.43 496.04 218.27 1.66 1.67 4.10 -6.73 1.72 28.66 -3.13 0.34
Car 0.0 0 0.44 223.11 180.59 420.45 251.31 1.50 1.58 4.04 -6.72 1.75 17.07 0.06 1.61
Car 0.0 0 -3.05 462.01 176.46 540.11 207.08 1.47 1.70 3.92 -5.70 1.70 37.66 3.08 0.17
Car 0.0 0 -2.52 -62.15 196.08 256.17 353.00 1.46 1.56 3.78 -6.17 1.72 8.01 -3.13 1.51
Car 0.0 0 -1.67 635.99 172.42 664.63 198.65 1.55 1.60 3.74 2.50 1.57 45.73 -1.61 0.28
Car 0.0 0 -3.03 469.87 174.93 545.99 205.29 1.51 1.66 3.95 -5.52 1.67 39.21 3.11 0.11
Car 0.0 0 -2.89 381.33 175.16 496.68 218.44 1.60 1.64 4.00 -6.74 1.71 28.43 -3.12 0.21
Car 0.0 0 -2.73 178.76 184.82 381.54 263.26 1.48 1.57 3.82 -6.96 1.78 15.23 3.12 1.05
Car 0.0 0 -3.04 473.92 175.66 549.61 205.56 1.51 1.66 4.07 -5.45 1.72 40.02 3.11 0.07
Car 0.0 0 -1.70 653.94 180.16 707.72 223.12 1.44 1.57 3.66 2.53 1.74 26.82 -1.60 0.13
