Car 0.0 0 -0.28 692.23 195.62 873.60 262.46 1.49 1.65 3.81 4.07 2.08 17.62 -0.04 5.23
Car 0.0 0 -2.85 211.39 190.99 390.70 255.72 1.54 1.69 4.04 -7.98 2.04 18.80 3.03 4.61
Car 0.0 0 -0.58 839.88 196.84 1218.47 373.90 1.50 1.70 3.93 4.41 1.76 7.02 -0.06 5.67
Car 0.0 0 -2.65 -45.90 193.73 280.10 303.97 1.48 1.65 4.03 -7.63 1.81 10.95 3.03 2.15
Car 0.0 0 -2.94 248.24 186.33 400.12 244.12 1.66 1.67 4.10 -8.97 2.12 22.64 2.97 0.68
Car 0.0 0 -1.65 464.61 190.90 496.58 215.12 1.55 1.69 3.90 -9.02 2.84 49.95 -1.83 0.31
Car 0.0 0 -2.94 270.29 185.55 402.63 241.05 1.67 1.71 4.21 -8.97 2.12 23.69 2.98 0.33
Car 0.0 0 -0.28 677.51 198.08 802.74 250.86 1.44 1.62 3.78 3.79 2.21 21.72 -0.10 0.46
Car 0.0 0 -0.29 674.29 198.27 811.76 252.16 1.46 1.62 3.92 3.85 2.22 21.50 -0.10 0.44
Car 0.0 0 -2.64 -26.83 192.51 265.46 302.77 1.48 1.66 4.04 -7.87 1.83 11.01 3.04 1.02
