Car 0.0 0 -1.74 604.07 187.05 669.48 237.99 1.50 1.59 3.74 0.73 1.96 23.39 -1.70 6.00
Car 0.0 0 1.78 418.70 189.29 464.30 222.22 1.52 1.62 3.71 -8.37 2.36 36.02 1.55 2.14
Car 0.0 0 -1.99 738.62 199.78 1022.00 359.24 1.42 1.59 3.82 2.72 1.74 8.48 -1.63 13.07
Car 0.0 0 -1.67 591.89 185.81 636.63 225.34 1.52 1.62 4.00 0.10 2.09 30.32 -1.66 1.93
Car 0.0 0 2.10 -28.18 218.57 277.48 377.73 1.41 1.62 3.57 -5.46 1.97 8.37 1.50 6.31
Car 0.0 0 2.75 815.48 168.62 949.67 218.67 1.75 1.72 4.30 10.21 1.63 27.28 3.12 0.54
Car 0.0 0 -2.56 768.48 177.35 854.95 211.30 1.48 1.41 3.58 9.58 1.76 34.53 -2.29 0.43
Car 0.0 0 2.11 224.69 195.19 295.62 222.95 1.53 1.53 4.13 -20.90 2.90 43.18 1.66 0.13
Car 0.0 0 -1.67 592.63 186.14 639.94 226.46 1.53 1.61 4.02 0.16 2.09 29.94 -1.66 0.35
Car 0.0 0 1.78 438.79 187.16 477.26 215.24 1.51 1.67 4.30 -8.96 2.41 42.62 1.58 0.18
