Car 0.0 0 -1.68 636.14 182.59 673.55 214.05 1.41 1.57 3.80 2.10 1.91 35.07 -1.62 1.99
Car 0.0 0 -0.25 731.71 183.94 873.21 238.01 1.45 1.66 3.85 5.51 1.80 21.09 0.01 4.05
Car 0.0 0 -3.00 387.20 177.69 510.05 220.16 1.49 1.71 4.25 -6.11 1.72 27.44 3.06 1.29
Car 0.0 0 -0.49 875.55 183.32 1153.00 294.88 1.57 1.62 3.81 6.36 1.79 11.77 0.03 5.45
Car 0.0 0 -2.83 224.20 175.06 429.24 249.48 1.63 1.65 4.17 -6.70 1.73 17.23 3.08 1.67
Car 0.0 0 0.54 33.36 179.63 387.94 296.04 1.52 1.59 4.05 -5.93 1.70 10.98 0.04 4.78
Car 0.0 0 -2.88 290.80 179.81 457.95 235.71 1.47 1.61 4.28 -6.68 1.70 20.56 3.09 1.08
Car 0.0 0 -0.56 935.40 193.40 1215.45 319.95 1.45 1.60 3.78 6.48 1.76 9.55 0.01 5.39
Car 0.0 0 -2.78 169.37 174.28 422.19 265.84 1.62 1.63 4.20 -6.01 1.70 14.04 3.09 1.30
Car 0.0 0 -2.89 337.04 180.85 469.68 229.84 1.45 1.58 3.90 -6.57 1.73 23.04 3.11 0.51
Car 0.0 0 0.65 -56.98 191.77 245.53 346.38 1.42 1.55 4.02 -6.16 1.65 7.70 0.03 0.93
