Car 0.0 0 -1.79 683.23 187.61 761.19 241.94 1.37 1.55 3.67 3.03 1.80 20.48 -1.63 5.01
Car 0.0 0 -2.04 788.70 181.93 1159.43 391.07 1.61 1.65 3.90 3.10 1.73 7.24 -1.57 8.09
Car 0.0 0 0.39 296.30 177.41 474.79 246.80 1.59 1.67 3.95 -5.66 1.74 18.26 0.08 2.54
Car 0.0 0 -2.74 185.69 182.36 417.16 268.05 1.51 1.60 3.90 -6.05 1.74 14.30 3.14 3.17
Car 0.0 0 -2.63 41.04 184.85 336.47 294.16 1.52 1.62 3.80 -6.65 1.74 11.33 3.12 4.64
Car 0.0 0 -2.91 345.53 177.16 493.64 235.10 1.59 1.64 3.99 -5.69 1.74 21.39 3.11 0.58
Car 0.0 0 -2.76 161.54 181.37 420.86 271.33 1.52 1.62 3.97 -6.10 1.74 13.87 3.10 3.04
Car 0.0 0 0.38 414.52 178.70 529.57 221.97 1.54 1.68 4.18 -5.30 1.79 27.54 0.19 0.22
Car 0.0 0 -0.19 720.39 181.50 821.42 218.80 1.45 1.62 3.81 6.54 1.83 29.93 0.03 0.27
Car 0.0 0 -3.12 484.02 179.00 550.84 204.86 1.47 1.67 3.98 -5.69 1.89 44.31 3.04 0.18
Car 0.0 0 -0.42 734.12 184.93 840.75 223.27 1.44 1.58 4.10 6.98 1.94 28.89 -0.18 0.31
Car 0.0 0 -2.81 251.78 183.94 436.69 254.28 1.51 1.61 3.78 -6.29 1.80 17.16 3.12 0.47
Car 0.0 0 -0.15 711.96 180.42 804.75 216.88 1.50 1.63 3.77 6.41 1.83 31.63 0.06 0.11
Car 0.0 0 -3.03 440.82 181.15 531.05 216.91 1.43 1.59 4.03 -5.42 1.83 31.50 3.09 0.05
