Car 0.0 0 1.76 483.23 180.72 532.66 216.50 1.49 1.61 3.60 -4.57 1.86 32.57 1.62 3.76
Car 0.0 0 1.89 320.22 190.17 451.09 266.28 1.43 1.61 4.00 -4.87 1.85 16.04 1.58 7.63
Car 0.0 0 -1.78 722.24 182.39 834.33 258.69 1.46 1.65 3.82 3.53 1.68 15.90 -1.55 6.82
Car 0.0 0 2.01 133.62 195.11 387.08 323.16 1.50 1.67 4.22 -4.93 1.85 10.83 1.56 9.01
Car 0.0 0 -1.91 762.50 184.91 977.20 306.52 1.48 1.65 4.07 3.58 1.67 10.81 -1.56 11.28
Car 0.0 0 -1.72 706.86 179.80 779.91 236.23 1.48 1.66 3.73 3.78 1.70 21.14 -1.54 4.20
Car 0.0 0 -1.69 690.58 179.57 746.91 221.48 1.44 1.67 3.99 4.02 1.73 27.40 -1.54 2.63
Car 0.0 0 -2.16 949.58 175.76 1037.65 210.58 1.47 1.48 3.54 17.28 1.62 32.73 -1.68 1.10
Car 0.0 0 1.74 508.66 179.83 549.82 210.06 1.50 1.61 3.77 -4.30 1.90 38.62 1.63 1.54
Car 0.0 0 -2.13 1058.16 174.07 1153.01 206.02 1.51 1.65 4.32 25.53 1.62 37.41 -1.52 0.07
Car 0.0 0 -2.17 898.44 186.33 1225.66 378.19 1.50 1.55 3.41 3.72 1.69 5.74 -1.61 1.74
Car 0.0 0 2.58 1131.74 175.32 1259.88 212.76 1.56 1.64 4.09 26.46 1.73 32.70 -3.03 0.06
Car 0.0 0 2.55 1123.82 177.55 1297.81 232.08 1.56 1.65 4.32 19.12 1.79 22.98 -3.03 0.05
