Car 0.0 0 -1.83 688.87 179.64 820.12 272.66 1.55 1.68 4.00 2.62 1.70 14.16 -1.64 10.02
Car 0.0 0 1.96 179.67 202.77 430.20 358.93 1.50 1.61 3.76 -3.56 1.90 9.02 1.56 12.53
Car 0.0 0 -1.97 747.74 182.20 1034.91 365.95 1.57 1.62 3.74 2.73 1.69 8.10 -1.60 14.17
Car 0.0 0 1.82 360.36 195.85 488.53 280.73 1.49 1.63 3.99 -3.76 1.99 15.07 1.57 7.49
Car 0.0 0 1.74 467.18 187.40 529.07 234.21 1.52 1.55 3.68 -4.00 2.08 26.07 1.59 3.01
Car 0.0 0 1.74 429.74 189.10 501.66 248.11 1.54 1.53 3.48 -4.22 2.06 21.32 1.55 2.39
Car 0.0 0 -1.71 669.65 179.42 732.31 230.85 1.57 1.58 3.38 2.99 1.81 24.40 -1.58 0.40
Car 0.0 0 -1.68 663.26 179.22 726.32 225.26 1.54 1.65 3.76 3.04 1.80 26.59 -1.56 0.86
Car 0.0 0 -1.70 630.44 177.48 667.64 204.97 1.63 1.65 3.59 2.42 1.96 45.69 -1.65 0.50
Car 0.0 0 -1.74 674.56 178.81 752.09 240.91 1.60 1.62 3.54 2.90 1.79 20.90 -1.60 0.41
