Car 0.0 0 -1.66 653.49 173.74 695.67 209.00 1.37 1.54 3.53 2.68 1.44 30.79 -1.57 2.36
Car 0.0 0 -1.80 685.14 164.00 783.60 248.99 1.73 1.63 3.79 2.73 1.58 16.81 -1.63 4.42
Car 0.0 0 -2.01 756.49 187.05 1085.93 376.44 1.48 1.62 4.05 2.77 1.66 7.57 -1.60 9.09
Car 0.0 0 -2.92 398.37 168.72 517.84 210.42 1.47 1.65 4.35 -5.77 1.36 27.42 -3.12 0.55
Car 0.0 0 0.47 209.75 168.97 438.68 250.39 1.50 1.58 4.10 -5.87 1.48 14.95 0.10 1.72
Car 0.0 0 -2.82 263.32 163.67 452.11 239.92 1.65 1.64 4.03 -5.93 1.48 17.09 3.13 1.33
Car 0.0 0 0.36 377.95 167.43 507.04 215.82 1.54 1.67 4.20 -5.78 1.40 24.70 0.13 1.05
Car 0.0 0 -2.97 401.61 168.14 520.97 208.48 1.50 1.66 4.35 -5.91 1.35 28.96 3.11 0.30
Car 0.0 0 -2.72 121.32 173.98 413.87 274.45 1.52 1.59 3.83 -5.92 1.59 12.56 3.12 0.45
Car 0.0 0 -2.96 429.55 166.63 524.83 202.92 1.54 1.66 4.28 -6.10 1.31 33.23 -3.14 0.08
Car 0.0 0 -2.66 96.33 173.20 396.24 294.68 1.57 1.63 3.86 -5.41 1.61 10.83 -3.12 0.46
Car 0.0 0 -3.00 454.51 166.46 535.79 196.61 1.54 1.68 4.19 -6.29 1.23 39.74 3.13 0.06
Car 0.0 0 2.14 50.17 175.14 202.55 230.30 1.40 1.56 3.97 -13.96 1.51 20.99 1.55 0.09
Car 0.0 0 0.39 243.98 168.80 442.37 246.67 1.54 1.58 3.95 -5.77 1.49 15.78 0.04 0.35
