Car 0.0 0 -1.82 683.78 171.50 819.06 271.78 1.73 1.73 4.41 2.65 1.75 14.71 -1.62 6.23
Car 0.0 0 -1.71 665.61 182.14 734.81 235.94 1.43 1.62 3.92 2.57 1.73 21.56 -1.58 1.35
Car 0.0 0 -1.66 640.06 180.34 673.15 209.65 1.43 1.57 3.62 2.40 1.87 38.28 -1.60 0.75
Car 0.0 0 -2.81 283.11 173.12 454.55 244.13 1.68 1.69 3.96 -6.23 1.73 18.63 -3.13 1.41
Car 0.0 0 -3.03 391.51 176.32 506.89 215.70 1.50 1.67 4.15 -6.59 1.68 29.69 3.03 0.26
Car 0.0 0 -2.76 229.06 182.82 414.21 255.63 1.48 1.55 3.51 -6.54 1.74 16.28 -3.14 1.73
Car 0.0 0 -2.71 67.72 181.91 385.82 284.10 1.50 1.59 3.98 -6.35 1.72 12.17 3.09 4.19
Car 0.0 0 -2.59 -22.84 183.05 302.78 317.19 1.52 1.66 3.97 -6.60 1.70 9.44 3.12 4.48
Car 0.0 0 -2.78 245.74 179.53 419.14 252.46 1.53 1.56 3.50 -6.41 1.71 16.70 3.13 0.84
Car 0.0 0 -2.79 136.92 186.75 391.25 275.40 1.46 1.54 3.91 -6.34 1.76 13.43 3.05 1.48
Car 0.0 0 -2.86 344.73 171.65 485.35 230.14 1.71 1.70 4.16 -6.23 1.71 23.01 -3.12 0.31
Car 0.0 0 -1.69 655.55 182.52 712.38 227.47 1.46 1.64 3.89 2.55 1.83 25.81 -1.59 0.26
Car 0.0 0 -2.91 358.18 172.59 492.89 227.25 1.66 1.66 4.10 -6.07 1.69 23.71 3.12 0.24
Car 0.0 0 -3.06 442.60 173.67 531.34 206.10 1.59 1.72 4.00 -6.46 1.68 38.08 3.06 0.11
Car 0.0 0 -2.97 369.41 174.63 493.78 223.92 1.57 1.63 3.83 -6.20 1.66 24.86 3.07 0.15
Car 0.0 0 -3.05 475.67 174.29 535.60 205.00 1.61 1.68 3.94 -5.90 1.74 41.02 3.09 0.08
Car 0.0 0 -1.72 665.54 179.32 747.89 241.14 1.55 1.62 3.74 2.65 1.77 20.54 -1.59 0.31
Car 0.0 0 -3.05 460.00 173.91 537.45 205.79 1.62 1.68 3.98 -6.09 1.73 39.71 3.08 0.06
