Car 0.0 0 -1.69 680.10 182.63 724.88 219.55 1.36 1.52 3.50 3.66 1.79 29.24 -1.56 2.62
Car 0.0 0 -1.81 748.15 183.77 909.65 296.40 1.48 1.63 3.83 3.29 1.69 11.60 -1.52 11.62
Car 0.0 0 -1.78 713.29 177.72 817.98 256.09 1.55 1.65 3.81 3.42 1.69 16.56 -1.57 7.08
Car 0.0 0 -2.70 197.67 181.92 417.03 257.90 1.46 1.66 4.13 -6.44 1.70 15.51 -3.10 5.76
Car 0.0 0 -2.79 340.10 182.04 475.12 237.43 1.50 1.56 3.37 -5.94 1.80 21.19 -3.06 2.46
Car 0.0 0 -2.85 389.99 179.11 516.19 229.78 1.54 1.63 3.80 -5.23 1.78 23.73 -3.06 1.90
Car 0.0 0 0.66 -44.40 176.83 341.52 331.61 1.52 1.65 4.36 -5.94 1.67 8.43 0.09 6.01
Car 0.0 0 -2.91 422.75 178.07 538.56 222.03 1.53 1.66 3.99 -4.83 1.75 27.02 -3.08 0.54
Car 0.0 0 -2.88 413.90 178.80 533.26 223.61 1.53 1.66 4.03 -5.03 1.77 26.49 -3.06 0.55
Car 0.0 0 -3.03 472.09 178.62 565.32 210.11 1.42 1.66 4.10 -4.45 1.73 34.96 3.13 0.25
Car 0.0 0 -2.99 456.38 178.78 550.20 216.32 1.48 1.64 4.07 -4.57 1.77 30.81 -3.14 0.08
Car 0.0 0 -2.91 404.07 180.65 522.29 226.19 1.53 1.64 3.96 -5.36 1.84 26.08 -3.11 0.13
Car 0.0 0 -1.77 704.77 178.19 764.41 224.65 1.53 1.54 3.48 4.35 1.75 25.85 -1.60 0.11
