Car 0.0 0 -1.73 637.62 182.38 689.52 219.04 1.43 1.61 3.71 2.15 1.85 30.45 -1.65 2.43
Car 0.0 0 -2.29 798.43 180.06 966.75 244.73 1.49 1.68 3.91 6.83 1.71 18.54 -1.92 4.37
Car 0.0 0 -2.87 336.50 184.15 474.74 230.62 1.48 1.62 4.22 -7.04 1.92 24.92 3.13 2.51
Car 0.0 0 -1.67 616.81 180.21 653.13 208.95 1.47 1.61 3.76 1.30 1.91 39.90 -1.64 0.92
Car 0.0 0 -2.78 261.65 183.05 425.76 244.23 1.59 1.62 4.08 -7.40 1.91 20.28 -3.14 0.90
Car 0.0 0 -2.56 10.11 191.52 311.20 304.88 1.48 1.61 4.08 -7.05 1.81 10.92 -3.12 4.04
Car 0.0 0 -2.89 367.41 183.68 482.64 225.74 1.52 1.61 4.07 -7.24 1.98 28.28 3.14 0.37
Car 0.0 0 -2.95 389.95 182.51 496.14 218.32 1.48 1.63 4.19 -7.37 1.94 32.12 3.11 0.19
Car 0.0 0 -3.00 438.02 181.01 523.68 209.87 1.47 1.66 4.23 -7.09 1.96 39.72 3.11 0.22
Car 0.0 0 -2.92 374.91 183.51 489.35 223.27 1.49 1.60 4.03 -7.14 1.95 29.02 3.12 0.22
Car 0.0 0 -2.48 -54.59 187.79 231.17 337.41 1.53 1.60 3.66 -6.85 1.76 8.61 -3.11 2.80
Car 0.0 0 -2.78 225.57 177.44 415.43 255.21 1.71 1.70 4.22 -6.99 1.85 17.47 3.12 0.60
Car 0.0 0 -2.73 101.59 170.83 386.65 280.72 1.75 1.69 4.37 -6.46 1.75 12.83 3.08 1.44
Car 0.0 0 -1.72 638.97 182.60 690.56 219.01 1.42 1.64 3.74 2.21 1.84 30.44 -1.64 0.26
Car 0.0 0 -3.03 448.27 179.70 522.58 208.97 1.53 1.67 4.15 -6.95 1.97 40.58 3.08 0.10
