Car 0.0 0 -1.77 675.26 183.68 758.24 243.86 1.43 1.58 3.67 2.70 1.74 19.36 -1.63 7.53
Car 0.0 0 -1.70 649.65 175.63 701.19 218.30 1.61 1.62 3.86 2.56 1.75 29.60 -1.61 2.22
Car 0.0 0 0.44 252.83 176.68 443.16 243.07 1.52 1.66 3.95 -6.65 1.67 18.37 0.09 4.95
Car 0.0 0 -2.03 773.49 191.43 1095.35 382.54 1.48 1.57 3.50 2.82 1.70 7.29 -1.60 11.57
Car 0.0 0 -2.87 338.23 167.15 495.58 228.96 1.82 1.73 4.23 -6.06 1.68 22.82 -3.13 2.74
Car 0.0 0 -2.64 -1.99 169.08 341.78 299.32 1.59 1.65 4.05 -6.24 1.59 10.18 3.10 6.54
Car 0.0 0 -2.70 112.27 174.93 344.86 269.70 1.52 1.55 3.58 -6.80 1.61 12.85 3.09 3.02
Car 0.0 0 -3.05 446.66 178.57 526.09 208.92 1.47 1.63 3.98 -6.42 1.80 37.34 3.07 0.27
Car 0.0 0 -2.99 403.22 177.98 513.71 218.04 1.49 1.60 4.05 -6.10 1.73 28.99 3.09 0.30
Car 0.0 0 0.71 -72.06 167.14 252.71 342.05 1.58 1.65 4.10 -6.12 1.59 7.63 0.09 3.72
Car 0.0 0 -3.01 469.98 177.18 540.27 207.23 1.52 1.66 3.81 -5.65 1.78 39.01 3.13 0.25
Car 0.0 0 -3.02 467.98 177.44 542.36 207.43 1.51 1.66 3.87 -5.67 1.80 39.04 3.12 0.14
Car 0.0 0 -1.67 640.95 176.39 673.95 207.29 1.51 1.62 3.84 2.45 1.74 38.51 -1.60 0.10
