Car 0.0 0 -1.71 672.01 174.48 745.55 223.99 1.61 1.65 3.84 3.38 1.69 25.43 -1.57 2.67
Car 0.0 0 1.83 366.99 191.27 453.36 244.24 1.49 1.67 4.06 -6.25 2.09 22.89 1.56 5.21
Car 0.0 0 1.79 434.26 188.09 494.16 227.16 1.47 1.64 3.87 -6.00 2.13 29.98 1.60 3.00
Car 0.0 0 1.91 268.71 196.99 402.32 273.97 1.50 1.63 4.01 -6.18 2.09 16.58 1.55 6.69
Car 0.0 0 2.02 85.25 206.35 331.51 325.53 1.49 1.64 4.13 -6.08 2.04 11.44 1.52 9.28
Car 0.0 0 2.64 874.17 141.17 1079.43 214.26 1.79 1.69 4.34 9.59 1.02 19.21 3.11 3.99
Car 0.0 0 -0.17 661.44 175.62 728.51 217.33 1.63 1.67 4.15 3.50 1.77 30.51 -0.05 0.50
Car 0.0 0 -0.17 657.52 175.58 736.57 215.81 1.63 1.68 4.19 3.69 1.78 31.45 -0.05 0.37
Car 0.0 0 1.73 464.79 184.47 511.53 218.31 1.54 1.65 4.12 -6.03 2.15 35.92 1.56 0.37
Car 0.0 0 -1.66 647.97 177.60 684.42 205.08 1.57 1.62 3.53 3.43 1.91 44.55 -1.59 0.17
Car 0.0 0 2.74 827.42 155.28 944.36 204.07 1.64 1.67 3.88 9.68 1.06 25.69 3.11 0.19
Car 0.0 0 2.75 797.26 157.06 901.86 201.55 1.67 1.69 3.89 9.55 1.10 29.12 3.07 0.07
