Car 0.0 0 -1.72 702.14 178.50 772.48 231.30 1.49 1.69 4.00 3.87 1.69 22.72 -1.54 3.67
Car 0.0 0 -1.80 719.03 180.14 824.35 250.76 1.47 1.65 3.96 3.68 1.66 17.20 -1.58 7.66
Car 0.0 0 1.86 351.80 187.43 467.87 260.14 1.50 1.61 3.80 -4.67 1.88 17.20 1.59 7.79
Car 0.0 0 -1.88 771.21 181.47 945.67 292.75 1.51 1.62 3.72 3.78 1.66 11.74 -1.55 11.31
Car 0.0 0 1.85 418.30 185.65 501.08 237.00 1.45 1.63 3.90 -4.67 1.87 22.91 1.65 4.17
Car 0.0 0 1.98 175.75 194.10 401.96 313.88 1.51 1.67 4.10 -4.84 1.87 11.45 1.56 9.64
Car 0.0 0 1.79 514.61 178.73 561.56 208.48 1.52 1.63 3.80 -3.89 1.87 39.42 1.69 1.62
Car 0.0 0 -2.14 877.65 180.24 1241.63 369.14 1.47 1.62 3.71 3.72 1.64 6.16 -1.58 7.13
Car 0.0 0 -2.09 910.06 174.24 977.53 204.14 1.46 1.48 3.41 17.30 1.56 37.63 -1.66 0.67
Car 0.0 0 -1.66 688.91 177.69 744.30 216.58 1.51 1.64 3.65 4.45 1.73 30.49 -1.52 0.31
Car 0.0 0 -1.65 684.05 177.25 729.28 212.66 1.48 1.63 3.79 4.38 1.72 33.08 -1.52 0.23
Car 0.0 0 2.57 1052.15 173.24 1162.41 211.11 1.54 1.61 4.36 21.88 1.59 32.02 -3.11 0.11
Car 0.0 0 -1.69 692.84 178.65 758.55 220.48 1.50 1.64 3.77 4.47 1.73 28.41 -1.53 0.08
