Car 0.0 0 -2.16 718.91 176.17 798.42 212.17 1.48 1.64 3.62 6.52 1.67 32.16 -1.96 2.42
Car 0.0 0 -2.82 287.77 175.02 451.57 240.99 1.58 1.64 3.94 -6.30 1.67 19.01 3.14 1.63
Car 0.0 0 0.50 141.23 177.81 417.69 278.29 1.52 1.60 3.90 -5.76 1.67 12.71 0.08 5.18
Car 0.0 0 -2.55 -14.67 171.70 299.93 309.88 1.70 1.67 3.89 -6.69 1.72 10.01 -3.13 4.76
Car 0.0 0 0.43 221.37 182.45 423.82 256.31 1.46 1.56 3.79 -6.31 1.71 15.99 0.05 1.29
Car 0.0 0 0.31 371.87 174.30 491.29 223.90 1.57 1.68 3.59 -6.15 1.66 24.59 0.07 0.71
Car 0.0 0 -1.69 628.47 176.75 661.09 202.31 1.44 1.54 3.49 2.03 1.70 43.60 -1.64 0.85
Car 0.0 0 0.11 429.95 173.70 522.59 206.95 1.54 1.63 3.97 -6.86 1.64 37.08 -0.07 0.10
Car 0.0 0 -2.14 806.18 165.48 1192.29 385.78 1.61 1.66 3.81 2.98 1.62 5.71 -1.64 1.24
Car 0.0 0 0.03 448.12 175.24 523.15 203.90 1.44 1.58 3.87 -6.88 1.65 40.30 -0.14 0.08
Car 0.0 0 -2.95 395.60 164.21 508.06 217.47 1.86 1.74 4.49 -6.09 1.59 27.51 3.12 0.11
