Car 0.0 0 -0.17 695.08 178.84 779.05 213.49 1.51 1.67 3.69 5.84 1.82 33.68 0.00 1.46
Car 0.0 0 -0.37 752.33 184.03 890.61 235.10 1.45 1.62 3.93 6.46 1.82 22.44 -0.08 2.69
Car 0.0 0 -2.82 310.30 173.13 474.24 232.52 1.52 1.61 3.87 -6.06 1.57 20.09 -3.12 2.77
Car 0.0 0 -2.79 249.43 172.64 439.44 241.04 1.50 1.63 3.80 -6.27 1.53 17.26 3.14 3.57
Car 0.0 0 -2.92 374.74 169.89 511.42 222.22 1.65 1.69 4.08 -5.63 1.59 24.49 3.14 1.20
Car 0.0 0 -0.29 742.00 179.69 873.75 228.86 1.53 1.64 4.00 6.64 1.80 24.56 -0.02 0.79
Car 0.0 0 0.33 372.09 173.46 502.32 223.81 1.51 1.59 3.65 -5.57 1.57 23.29 0.09 0.75
Car 0.0 0 0.17 459.31 172.59 545.10 203.14 1.54 1.73 4.36 -5.87 1.57 39.16 0.02 0.25
Car 0.0 0 -3.10 472.27 173.60 549.98 202.13 1.48 1.72 4.20 -5.54 1.56 40.48 3.05 0.21
Car 0.0 0 2.56 808.59 187.06 1039.66 264.76 1.46 1.55 4.16 6.47 1.84 14.97 2.98 0.40
Car 0.0 0 0.60 42.91 157.18 351.14 290.72 1.63 1.64 4.03 -5.83 1.48 9.78 0.09 0.96
