Car 0.0 0 1.70 499.80 176.15 557.62 218.40 1.56 1.65 3.81 -3.25 1.72 29.23 1.59 3.78
Car 0.0 0 -1.76 692.01 182.73 767.61 237.59 1.51 1.59 3.67 3.52 1.82 22.02 -1.59 5.99
Car 0.0 0 -1.70 669.62 181.15 726.01 224.01 1.49 1.61 3.74 3.23 1.82 27.59 -1.58 3.53
Car 0.0 0 -1.81 723.84 185.73 840.45 268.50 1.52 1.61 3.59 3.46 1.80 15.27 -1.58 7.09
Car 0.0 0 -1.90 759.11 194.50 965.72 318.52 1.45 1.61 3.95 3.36 1.79 10.55 -1.57 11.83
Car 0.0 0 1.82 350.61 178.39 495.99 291.64 1.64 1.63 3.85 -3.11 1.77 12.63 1.57 5.43
Car 0.0 0 -1.67 654.50 179.02 694.79 211.29 1.52 1.62 3.66 3.19 1.86 36.64 -1.58 0.31
Car 0.0 0 1.68 535.09 176.06 567.47 204.50 1.55 1.57 3.80 -3.49 1.79 42.80 1.60 0.12
Car 0.0 0 1.68 533.04 175.63 567.29 204.34 1.56 1.58 3.84 -3.56 1.78 42.79 1.60 0.11
Car 0.0 0 -1.67 654.08 178.07 691.98 210.57 1.53 1.63 3.69 3.14 1.84 36.74 -1.58 0.16
Car 0.0 0 -1.67 653.55 179.42 694.34 212.39 1.53 1.61 3.63 3.15 1.87 36.16 -1.58 0.17
