Car 0.0 0 -1.71 699.00 194.68 772.53 248.80 1.46 1.62 3.82 3.68 2.14 21.91 -1.53 4.32
Car 0.0 0 1.69 555.17 189.93 589.24 219.27 1.57 1.58 3.77 -2.18 2.58 41.52 1.64 1.51
Car 0.0 0 -1.78 731.36 193.73 848.73 276.08 1.55 1.65 3.88 3.72 2.02 15.71 -1.54 4.49
Car 0.0 0 2.02 109.78 210.57 434.79 395.32 1.46 1.59 3.60 -2.90 1.89 6.96 1.59 7.96
Car 0.0 0 -1.90 780.54 188.60 1011.75 346.27 1.62 1.63 3.80 3.38 1.86 9.36 -1.53 10.60
Car 0.0 0 -1.68 683.71 192.32 727.42 226.95 1.51 1.58 3.49 4.40 2.45 33.96 -1.55 0.54
Car 0.0 0 -1.68 672.41 190.92 710.13 222.25 1.55 1.60 3.54 4.24 2.54 38.36 -1.57 0.39
Car 0.0 0 -1.68 695.36 193.03 749.39 236.92 1.53 1.61 3.55 4.23 2.30 27.72 -1.53 0.16
Car 0.0 0 -1.77 735.15 196.97 838.32 273.14 1.49 1.59 3.62 3.80 2.05 16.17 -1.53 0.73
Car 0.0 0 1.70 457.02 178.27 553.07 263.42 1.77 1.64 4.08 -2.44 1.94 17.39 1.56 0.80
