Car 0.0 0 -1.74 196.06 191.37 255.97 231.21 1.46 1.62 3.94 -15.41 2.21 28.84 -2.23 2.94
Car 0.0 0 -1.93 313.79 197.73 439.51 264.20 1.41 1.59 3.81 -5.88 2.03 17.52 -2.24 6.58
Car 0.0 0 1.26 779.36 177.60 883.74 238.62 1.49 1.60 4.19 5.92 1.65 19.96 1.56 1.87
Car 0.0 0 -1.77 168.75 190.11 219.07 225.42 1.51 1.62 4.09 -19.45 2.34 33.47 -2.29 1.08
Car 0.0 0 1.54 701.82 177.43 768.98 233.54 1.54 1.63 3.71 3.74 1.71 22.09 1.72 0.73
Car 0.0 0 3.05 370.30 177.93 462.46 217.07 1.54 1.64 4.10 -8.34 1.81 31.10 2.79 0.33
Car 0.0 0 -2.13 440.92 162.41 725.74 310.10 1.79 1.72 4.54 -0.79 1.68 10.84 -2.17 1.78
Car 0.0 0 -1.73 568.45 169.47 700.71 255.13 1.73 1.79 4.49 0.43 1.71 16.83 -1.70 0.26
Car 0.0 0 -2.13 434.81 164.07 717.40 312.64 1.81 1.73 4.51 -0.82 1.70 10.89 -2.18 1.38
Car 0.0 0 1.49 751.68 176.42 813.16 217.05 1.47 1.55 3.86 6.80 1.64 28.81 1.72 0.29
Car 0.0 0 -0.45 856.98 169.34 1021.92 231.80 1.55 1.68 4.35 8.72 1.47 19.29 -0.02 0.16
Car 0.0 0 -2.14 431.51 165.45 708.44 312.93 1.77 1.73 4.55 -0.77 1.66 10.76 -2.19 1.02
