Car 0.0 0 -1.73 686.33 175.60 767.98 232.83 1.56 1.66 3.99 3.38 1.66 21.78 -1.57 4.33
Car 0.0 0 1.88 316.67 193.13 429.05 257.81 1.48 1.69 4.16 -6.15 2.04 19.10 1.56 6.36
Car 0.0 0 1.81 410.22 189.34 483.11 233.35 1.46 1.67 4.02 -5.92 2.09 26.51 1.59 3.51
Car 0.0 0 1.99 157.52 202.29 355.49 306.46 1.50 1.62 4.01 -6.06 2.04 12.84 1.53 7.84
Car 0.0 0 -1.72 668.94 175.66 741.83 221.88 1.62 1.66 4.08 3.51 1.74 27.39 -1.59 1.21
Car 0.0 0 2.58 934.54 136.63 1186.82 224.16 1.76 1.71 4.23 9.85 1.04 15.99 3.14 4.10
Car 0.0 0 1.77 452.00 185.15 504.53 222.15 1.53 1.64 4.05 -5.91 2.12 32.64 1.59 1.00
Car 0.0 0 -0.10 651.33 176.55 733.22 210.55 1.58 1.67 4.06 4.08 1.81 36.20 0.01 0.24
Car 0.0 0 2.18 9.97 208.96 250.31 380.16 1.51 1.64 4.36 -5.80 1.92 7.70 1.60 3.86
Car 0.0 0 -1.68 652.05 177.59 686.49 206.21 1.57 1.63 3.62 3.50 1.91 43.14 -1.60 0.10
Car 0.0 0 2.79 830.47 156.27 949.35 208.19 1.71 1.69 3.72 9.60 1.18 25.17 -3.12 0.17
Car 0.0 0 -0.09 653.63 177.83 717.68 210.16 1.55 1.65 3.96 3.89 1.84 37.57 0.02 0.10
Car 0.0 0 2.70 889.76 151.25 1028.03 211.59 1.69 1.67 3.67 10.15 1.09 21.41 -3.14 0.22
Car 0.0 0 2.70 878.18 149.21 1033.84 210.70 1.71 1.68 3.70 10.01 1.05 21.18 -3.14 0.23
