Car 0.0 0 -1.80 737.72 183.18 845.82 259.84 1.50 1.60 3.69 3.90 1.74 16.14 -1.56 9.25
Car 0.0 0 -1.74 706.80 180.43 782.07 235.45 1.48 1.65 3.88 3.90 1.72 21.70 -1.56 4.59
Car 0.0 0 1.89 323.46 186.88 458.58 269.29 1.53 1.63 3.79 -4.63 1.86 15.66 1.60 8.84
Car 0.0 0 1.82 414.36 184.43 499.21 241.22 1.51 1.60 3.77 -4.55 1.89 21.73 1.61 5.16
Car 0.0 0 1.78 530.54 178.42 572.74 205.68 1.56 1.65 3.83 -3.51 1.91 43.94 1.70 1.28
Car 0.0 0 1.82 456.53 183.52 523.61 227.08 1.47 1.62 3.88 -4.45 1.89 27.16 1.65 2.67
Car 0.0 0 -1.70 694.69 179.38 749.10 223.33 1.50 1.66 3.78 4.10 1.77 27.01 -1.55 0.74
Car 0.0 0 -1.91 791.77 187.08 1016.79 316.55 1.49 1.66 4.04 3.86 1.70 10.37 -1.52 9.13
Car 0.0 0 -1.65 683.54 178.58 726.68 211.41 1.50 1.65 3.82 4.69 1.82 35.92 -1.52 0.18
Car 0.0 0 -2.09 938.02 175.38 1019.04 207.50 1.48 1.57 3.56 18.27 1.64 35.95 -1.62 0.11
Car 0.0 0 2.65 991.04 178.09 1084.70 211.63 1.52 1.50 3.72 20.76 1.85 35.17 -3.10 0.10
Car 0.0 0 -1.68 695.81 180.40 753.36 223.46 1.50 1.67 3.76 4.28 1.79 27.55 -1.52 0.11
Car 0.0 0 2.69 983.42 178.57 1085.69 211.52 1.51 1.52 3.80 21.06 1.88 35.86 -3.07 0.09
