Car 0.0 0 -1.65 654.60 174.92 701.33 212.18 1.43 1.59 3.70 2.76 1.55 30.38 -1.56 1.94
Car 0.0 0 -2.09 772.78 185.44 1181.54 391.95 1.47 1.62 3.84 2.82 1.65 6.63 -1.62 7.42
Car 0.0 0 -1.80 688.80 165.76 797.41 257.54 1.75 1.65 3.90 2.75 1.65 15.88 -1.62 4.09
Car 0.0 0 0.35 367.12 170.06 506.56 219.08 1.53 1.67 4.26 -5.80 1.47 24.21 0.12 1.44
Car 0.0 0 0.46 172.44 171.69 430.91 257.04 1.48 1.59 4.07 -5.87 1.51 13.94 0.06 2.32
Car 0.0 0 -3.02 410.42 169.46 523.06 206.69 1.52 1.69 4.37 -6.19 1.40 31.52 3.07 0.31
Car 0.0 0 -2.83 240.89 165.76 445.63 244.45 1.62 1.62 3.96 -5.99 1.51 16.26 3.10 1.28
Car 0.0 0 -2.97 402.18 171.06 518.07 211.94 1.46 1.65 4.32 -5.75 1.43 27.73 3.11 0.41
Car 0.0 0 2.17 13.95 178.89 159.05 235.19 1.43 1.57 3.98 -15.24 1.64 21.01 1.54 0.15
Car 0.0 0 -3.04 446.52 168.26 529.03 199.36 1.52 1.68 4.18 -6.39 1.33 37.91 3.08 0.07
Car 0.0 0 -3.03 433.59 168.78 525.91 204.39 1.53 1.68 4.26 -6.04 1.40 33.49 3.08 0.08
