Car 0.0 0 -1.75 683.41 182.71 766.18 242.99 1.41 1.62 3.86 2.89 1.69 19.23 -1.59 5.43
Car 0.0 0 -0.25 737.30 171.63 873.54 223.99 1.61 1.66 3.99 6.39 1.61 23.88 0.02 3.08
Car 0.0 0 -2.86 315.40 174.12 486.39 231.37 1.50 1.63 4.25 -5.92 1.58 20.70 -3.14 1.42
Car 0.0 0 0.45 245.07 172.55 455.56 251.81 1.56 1.60 3.85 -5.67 1.61 15.90 0.10 3.34
Car 0.0 0 -2.49 58.12 173.25 303.50 292.12 1.56 1.57 3.68 -6.70 1.63 11.04 -3.03 3.62
Car 0.0 0 -2.91 377.88 174.36 504.46 218.22 1.54 1.65 4.18 -6.24 1.62 26.90 -3.14 0.26
Car 0.0 0 -2.98 424.90 175.75 521.52 210.19 1.49 1.68 4.14 -6.33 1.66 33.43 3.11 0.18
Car 0.0 0 0.35 304.39 176.67 479.52 240.15 1.52 1.61 4.14 -5.79 1.65 19.03 0.06 0.44
Car 0.0 0 -2.89 360.38 176.06 497.05 225.21 1.49 1.62 4.23 -5.93 1.63 23.74 -3.13 0.15
Car 0.0 0 -1.69 633.50 173.61 662.67 198.18 1.51 1.65 3.80 2.50 1.61 48.10 -1.63 0.21
Car 0.0 0 -2.98 453.08 176.81 538.09 206.59 1.42 1.61 4.25 -5.82 1.66 36.95 -3.14 0.10
Car 0.0 0 0.50 186.19 179.80 418.85 266.39 1.50 1.58 3.70 -6.00 1.69 14.09 0.09 0.99
Car 0.0 0 -2.51 -32.94 159.85 240.01 333.91 1.74 1.66 3.91 -6.70 1.63 8.48 -3.12 0.58
Car 0.0 0 0.50 197.10 175.63 436.16 264.10 1.54 1.59 3.76 -5.70 1.65 14.14 0.11 0.78
