Car 0.0 0 -2.14 713.07 178.16 789.28 212.15 1.47 1.64 3.63 6.47 1.74 33.55 -1.95 2.24
Car 0.0 0 -2.84 310.52 175.70 465.33 237.56 1.56 1.64 3.94 -6.12 1.69 19.96 -3.14 1.70
Car 0.0 0 -2.03 768.42 174.20 1136.74 390.64 1.62 1.63 3.83 2.87 1.67 7.11 -1.59 8.94
Car 0.0 0 0.45 192.91 179.76 439.29 268.54 1.51 1.64 4.08 -5.65 1.70 14.17 0.06 3.74
Car 0.0 0 -2.92 366.54 175.57 492.10 224.64 1.55 1.68 3.80 -6.17 1.67 24.47 3.12 0.37
Car 0.0 0 -2.87 261.73 182.45 446.14 249.43 1.44 1.56 3.80 -6.15 1.70 17.30 3.07 0.91
Car 0.0 0 -2.64 41.46 175.37 349.53 287.77 1.58 1.63 3.81 -6.43 1.65 11.20 3.12 1.27
Car 0.0 0 -1.69 627.28 178.11 659.39 202.98 1.42 1.54 3.61 1.98 1.78 44.57 -1.65 0.46
Car 0.0 0 -2.59 33.90 178.21 333.40 294.31 1.56 1.63 3.79 -6.51 1.67 10.96 -3.12 1.36
Car 0.0 0 -2.92 381.49 166.97 509.19 221.37 1.82 1.78 4.50 -5.96 1.64 26.02 3.14 0.26
Car 0.0 0 1.07 803.53 184.22 965.12 268.07 1.54 1.58 3.76 5.71 1.81 15.35 1.43 0.38
Car 0.0 0 0.14 421.16 172.10 524.85 209.47 1.61 1.66 4.00 -6.53 1.64 34.53 -0.04 0.09
Car 0.0 0 -2.99 393.05 175.00 486.53 221.60 1.48 1.65 3.30 -6.05 1.65 25.58 3.06 0.07
