Car 0.0 0 -1.69 634.58 180.27 675.37 213.45 1.43 1.59 3.79 2.01 1.80 33.73 -1.63 1.68
Car 0.0 0 -0.45 846.44 183.29 1167.14 291.33 1.51 1.64 4.28 6.20 1.75 11.70 0.05 5.77
Car 0.0 0 2.68 770.74 178.71 964.33 253.86 1.58 1.63 4.03 5.81 1.76 16.59 3.02 3.19
Car 0.0 0 -2.75 164.90 165.37 413.54 262.12 1.80 1.75 4.28 -6.47 1.70 14.78 3.11 3.12
Car 0.0 0 0.38 235.95 169.03 433.63 248.06 1.69 1.66 4.06 -6.44 1.67 17.06 0.02 2.17
Car 0.0 0 -0.31 742.93 184.51 903.07 241.18 1.42 1.64 4.23 5.71 1.76 19.79 -0.02 0.85
Car 0.0 0 -2.64 16.56 184.83 292.54 300.57 1.43 1.58 3.97 -6.74 1.64 10.45 3.08 2.92
Car 0.0 0 -2.84 366.31 178.97 494.15 224.67 1.46 1.61 3.85 -6.18 1.70 24.85 -3.09 0.43
Car 0.0 0 -3.00 398.02 178.45 508.59 215.66 1.43 1.63 4.23 -6.48 1.69 29.83 3.07 0.26
Car 0.0 0 -2.55 -45.01 189.89 274.36 341.59 1.43 1.62 4.20 -6.35 1.66 7.99 3.13 3.43
Car 0.0 0 -3.06 464.65 179.04 532.15 205.26 1.39 1.61 3.94 -6.40 1.78 41.26 3.07 0.16
Car 0.0 0 -1.65 622.61 176.99 652.27 201.45 1.52 1.65 4.04 1.76 1.83 48.17 -1.62 0.22
Car 0.0 0 -0.60 955.47 180.90 1272.67 330.60 1.57 1.64 4.01 6.40 1.71 8.61 0.01 1.37
Car 0.0 0 -0.42 813.85 181.50 1038.97 264.67 1.52 1.60 4.19 6.30 1.76 14.74 -0.01 0.79
Car 0.0 0 -2.64 20.53 184.34 303.05 302.16 1.45 1.60 4.05 -6.65 1.66 10.50 3.08 1.05
Car 0.0 0 -3.06 472.16 178.76 536.11 205.30 1.41 1.63 3.92 -6.05 1.80 41.44 3.08 0.09
Car 0.0 0 -0.28 740.14 179.74 871.70 230.63 1.53 1.62 4.09 6.47 1.83 24.18 -0.01 0.09
Car 0.0 0 -2.65 10.25 185.14 295.05 301.24 1.45 1.60 3.93 -6.85 1.66 10.60 3.07 0.91
