Car 0.0 0 1.79 545.58 179.34 585.35 206.37 1.52 1.68 3.97 -2.68 1.94 43.73 1.73 1.76
Car 0.0 0 1.88 346.16 187.42 472.44 266.60 1.49 1.65 4.02 -4.35 1.85 16.05 1.61 7.35
Car 0.0 0 1.96 197.07 198.74 408.88 317.56 1.48 1.59 3.84 -4.63 1.93 11.39 1.56 8.40
Car 0.0 0 -1.79 726.34 169.31 822.71 245.34 1.80 1.66 4.07 4.17 1.75 19.10 -1.57 2.41
Car 0.0 0 -1.67 704.42 177.90 750.02 215.52 1.51 1.63 3.86 5.07 1.76 31.74 -1.51 0.20
Car 0.0 0 -1.70 716.51 179.93 769.21 225.23 1.46 1.51 3.42 4.62 1.73 25.65 -1.52 0.14
Car 0.0 0 1.80 564.93 177.55 595.32 201.52 1.60 1.62 4.16 -2.11 1.97 51.78 1.76 0.21
Car 0.0 0 -1.70 709.78 179.13 759.38 223.00 1.49 1.53 3.49 4.61 1.75 27.02 -1.53 0.08
Car 0.0 0 -1.62 691.42 176.54 725.02 204.17 1.55 1.63 3.83 5.94 1.82 43.98 -1.48 0.11
Car 0.0 0 -1.67 703.21 178.41 754.11 215.83 1.51 1.61 3.78 5.17 1.77 31.97 -1.51 0.09
Car 0.0 0 1.80 568.62 176.83 596.08 201.39 1.64 1.60 4.06 -1.99 1.98 51.80 1.76 0.16
Car 0.0 0 1.79 565.78 176.91 593.99 202.30 1.65 1.62 4.10 -2.12 1.98 50.62 1.74 0.14
Car 0.0 0 -1.74 713.62 176.29 791.87 230.55 1.60 1.50 3.26 4.60 1.73 23.82 -1.55 0.13
