Car 0.0 0 -1.81 686.27 175.83 809.00 261.24 1.44 1.63 3.99 2.50 1.51 14.29 -1.62 6.09
Car 0.0 0 -0.08 676.69 169.39 739.11 198.74 1.49 1.66 3.60 5.30 1.32 39.44 0.05 0.47
Car 0.0 0 0.46 239.19 167.10 457.66 242.43 1.51 1.62 4.04 -5.82 1.45 16.16 0.12 3.48
Car 0.0 0 1.16 781.05 174.82 921.52 240.85 1.47 1.58 3.97 5.73 1.51 17.89 1.49 0.73
Car 0.0 0 -3.00 437.35 166.53 533.10 202.80 1.51 1.64 3.92 -5.57 1.27 32.24 3.11 0.34
Car 0.0 0 0.56 23.99 163.21 338.53 273.71 1.52 1.62 4.17 -6.83 1.41 11.22 0.03 2.53
Car 0.0 0 -2.97 407.58 168.65 516.64 207.65 1.45 1.61 3.95 -5.93 1.32 28.91 3.11 0.47
Car 0.0 0 0.75 -57.35 168.40 248.05 354.02 1.49 1.61 4.20 -5.52 1.47 6.81 0.13 2.28
Car 0.0 0 -2.82 350.33 167.26 484.59 223.02 1.53 1.56 3.85 -5.79 1.39 21.68 -3.08 0.32
Car 0.0 0 -2.69 154.92 166.43 383.21 251.08 1.55 1.61 3.70 -6.75 1.46 14.35 -3.13 0.52
Car 0.0 0 0.14 476.76 166.41 547.42 192.98 1.54 1.69 3.97 -6.12 1.19 45.32 0.01 0.12
Car 0.0 0 -0.22 705.02 170.41 769.75 207.44 1.54 1.61 3.95 5.67 1.41 32.73 -0.04 0.07
Car 0.0 0 0.35 320.22 161.41 481.55 228.15 1.63 1.61 3.87 -5.64 1.36 19.25 0.07 0.38
Car 0.0 0 -3.02 455.84 166.84 536.59 200.53 1.53 1.63 3.87 -5.60 1.29 35.51 3.11 0.09
Car 0.0 0 -2.90 375.81 169.33 500.90 215.47 1.51 1.57 3.74 -6.03 1.40 25.45 -3.14 0.16
