Car 0.0 0 -1.75 667.19 178.92 733.40 227.61 1.41 1.58 3.69 2.77 1.63 23.27 -1.63 5.36
Car 0.0 0 -1.69 645.26 172.71 688.96 209.26 1.53 1.57 3.61 2.48 1.56 32.54 -1.61 1.77
Car 0.0 0 -2.68 176.41 169.90 410.51 260.91 1.56 1.62 3.98 -6.12 1.54 13.94 -3.09 6.25
Car 0.0 0 -1.83 726.29 181.58 899.32 299.51 1.54 1.56 3.52 2.92 1.70 11.34 -1.55 9.53
Car 0.0 0 0.38 327.54 174.36 477.36 227.29 1.46 1.66 3.95 -6.30 1.56 21.92 0.10 3.10
Car 0.0 0 -2.95 381.04 166.52 508.46 217.50 1.75 1.69 4.08 -6.03 1.55 26.40 3.11 1.52
Car 0.0 0 0.55 99.25 158.73 367.78 282.47 1.69 1.64 3.80 -5.99 1.56 11.41 0.07 4.32
Car 0.0 0 -3.09 479.23 173.05 548.20 200.84 1.48 1.64 3.77 -5.53 1.53 41.43 3.07 0.27
Car 0.0 0 -3.04 420.72 174.24 524.44 211.26 1.48 1.64 4.03 -5.96 1.57 31.30 3.06 0.15
Car 0.0 0 -2.80 226.80 174.05 414.37 247.70 1.53 1.55 3.70 -6.55 1.58 16.51 3.10 0.62
Car 0.0 0 0.74 -66.38 149.58 277.66 352.45 1.63 1.67 4.17 -5.43 1.48 6.72 0.13 2.58
Car 0.0 0 -2.10 805.67 194.38 1202.63 380.94 1.45 1.64 3.84 2.91 1.71 5.99 -1.60 2.48
Car 0.0 0 -1.65 640.62 171.84 671.25 201.40 1.56 1.64 3.81 2.57 1.54 41.68 -1.59 0.14
Car 0.0 0 -3.07 470.89 173.64 541.79 202.17 1.44 1.61 3.81 -5.78 1.54 39.86 3.07 0.10
Car 0.0 0 -2.97 392.09 168.36 507.63 217.41 1.68 1.67 3.97 -5.90 1.53 26.45 3.09 0.22
