Car 0.0 0 1.74 434.91 180.47 509.10 232.88 1.49 1.67 3.86 -4.31 1.75 22.91 1.55 5.49
Car 0.0 0 -1.74 647.50 178.46 720.61 233.36 1.50 1.60 3.64 2.12 1.68 21.94 -1.64 6.11
Car 0.0 0 -1.80 678.08 179.46 772.79 252.22 1.52 1.52 3.29 2.58 1.69 16.99 -1.64 8.74
Car 0.0 0 -1.89 734.44 182.52 928.80 314.91 1.55 1.57 3.34 2.89 1.72 10.39 -1.59 10.72
Car 0.0 0 -1.69 631.01 177.77 683.18 220.63 1.53 1.64 3.75 1.74 1.75 28.31 -1.63 2.69
Car 0.0 0 2.03 7.59 188.68 376.46 386.96 1.55 1.63 3.77 -3.53 1.75 6.79 1.51 7.77
Car 0.0 0 1.67 469.56 180.92 517.71 220.00 1.51 1.60 3.84 -4.92 1.89 30.69 1.51 0.17
Car 0.0 0 -2.13 830.65 196.23 1295.14 375.66 1.39 1.65 3.81 3.19 1.65 5.61 -1.57 1.98
Car 0.0 0 1.62 496.67 180.02 530.44 207.89 1.52 1.60 3.99 -5.75 2.00 42.76 1.49 0.11
Car 0.0 0 2.01 116.09 194.71 350.22 307.68 1.48 1.53 3.60 -5.97 1.84 11.43 1.53 0.29
Car 0.0 0 -1.63 626.49 177.29 667.05 210.74 1.51 1.71 3.93 1.72 1.78 35.73 -1.58 0.12
