Car 0.0 0 -1.77 670.48 178.16 742.86 231.13 1.42 1.61 3.74 2.75 1.59 21.58 -1.64 6.46
Car 0.0 0 -1.90 746.05 182.85 969.86 328.44 1.49 1.58 3.55 2.86 1.64 9.35 -1.57 14.16
Car 0.0 0 -1.69 647.67 171.09 694.94 210.86 1.58 1.59 3.75 2.53 1.54 31.04 -1.61 1.76
Car 0.0 0 0.42 299.53 172.74 458.16 231.54 1.48 1.66 3.97 -6.46 1.52 20.08 0.11 3.98
Car 0.0 0 -2.66 99.56 167.76 374.97 274.77 1.59 1.64 4.03 -6.30 1.56 12.24 -3.14 6.70
Car 0.0 0 -2.90 364.82 162.91 501.68 220.34 1.82 1.71 4.20 -6.01 1.54 24.56 -3.14 2.28
Car 0.0 0 0.65 3.04 160.92 326.45 301.76 1.63 1.62 3.88 -6.08 1.55 9.75 0.10 3.85
Car 0.0 0 -2.75 175.05 171.93 384.84 254.81 1.55 1.59 3.77 -6.76 1.57 14.93 3.10 1.57
Car 0.0 0 -3.05 472.74 172.98 546.48 201.35 1.49 1.66 3.78 -5.67 1.54 40.84 3.09 0.30
Car 0.0 0 -3.02 432.99 174.67 521.51 208.77 1.45 1.60 3.96 -6.10 1.56 33.08 3.08 0.21
Car 0.0 0 -2.96 405.30 172.86 517.64 212.76 1.51 1.62 4.11 -6.09 1.56 29.50 3.12 0.25
Car 0.0 0 -3.03 472.99 173.24 547.09 201.71 1.48 1.65 3.80 -5.67 1.55 40.59 3.12 0.14
Car 0.0 0 -1.67 642.88 171.10 677.94 203.58 1.57 1.65 3.89 2.58 1.52 38.16 -1.60 0.11
