Car 0.0 0 -1.72 668.81 174.46 738.65 221.38 1.60 1.64 3.83 3.36 1.68 26.69 -1.59 2.41
Car 0.0 0 1.82 379.86 189.67 460.11 240.01 1.47 1.68 4.13 -6.21 2.06 23.85 1.56 4.63
Car 0.0 0 1.99 139.73 203.18 351.12 309.67 1.49 1.63 4.10 -6.11 2.04 12.58 1.52 9.91
Car 0.0 0 1.89 292.80 194.86 413.43 266.09 1.50 1.65 4.03 -6.19 2.07 17.73 1.55 6.55
Car 0.0 0 1.78 441.76 187.28 496.85 224.97 1.48 1.61 3.76 -6.03 2.13 31.14 1.59 2.96
Car 0.0 0 2.66 858.98 143.54 1044.97 212.28 1.81 1.68 4.32 9.53 1.04 20.45 3.10 3.68
Car 0.0 0 -1.71 655.98 175.13 720.69 213.92 1.63 1.67 4.08 3.45 1.77 32.60 -1.61 0.57
Car 0.0 0 -2.16 1163.28 133.72 1290.04 179.59 1.58 1.64 3.03 22.90 0.19 27.03 -1.45 0.63
Car 0.0 0 2.72 833.59 153.82 945.50 202.01 1.65 1.64 3.85 9.97 1.02 26.13 3.09 0.23
Car 0.0 0 1.73 466.02 183.23 512.69 217.32 1.57 1.67 4.26 -6.04 2.13 36.39 1.56 0.24
Car 0.0 0 2.75 792.02 156.27 896.03 200.94 1.67 1.70 3.83 9.22 1.07 28.72 3.06 0.10
Car 0.0 0 -1.68 648.05 177.02 684.15 204.38 1.58 1.64 3.63 3.47 1.89 45.14 -1.60 0.08
