Car 0.0 0 1.90 294.79 187.41 447.59 277.61 1.54 1.64 3.93 -4.70 1.86 14.62 1.58 8.88
Car 0.0 0 -1.82 744.33 183.56 868.95 266.63 1.49 1.61 3.74 3.87 1.72 14.97 -1.56 9.96
Car 0.0 0 1.76 525.65 179.76 564.27 207.30 1.53 1.63 3.74 -3.85 1.96 42.89 1.67 1.73
Car 0.0 0 -1.94 810.61 188.86 1058.47 334.68 1.48 1.62 3.76 3.77 1.69 9.28 -1.52 13.12
Car 0.0 0 1.82 399.99 185.15 492.15 245.57 1.52 1.63 3.83 -4.60 1.90 20.60 1.60 5.52
Car 0.0 0 -1.76 710.18 179.75 792.34 238.65 1.49 1.66 3.97 3.85 1.71 20.47 -1.57 5.26
Car 0.0 0 1.81 449.28 183.82 517.97 228.65 1.45 1.61 3.94 -4.52 1.88 26.21 1.64 2.87
Car 0.0 0 -1.71 696.79 179.66 753.90 225.02 1.49 1.68 3.98 4.08 1.76 26.14 -1.55 0.75
Car 0.0 0 -1.70 697.70 180.49 756.63 225.43 1.48 1.67 3.81 4.12 1.76 26.09 -1.54 0.66
Car 0.0 0 -2.23 1009.24 176.79 1119.44 214.65 1.47 1.51 3.84 18.91 1.68 30.22 -1.67 0.32
Car 0.0 0 -1.66 683.94 178.90 728.63 212.31 1.49 1.66 3.95 4.61 1.81 34.97 -1.53 0.24
Car 0.0 0 2.69 948.67 175.93 1036.20 208.50 1.47 1.57 3.67 18.56 1.66 35.34 -3.11 0.09
Car 0.0 0 -2.02 894.60 176.64 952.58 205.95 1.48 1.49 3.59 17.11 1.76 39.74 -1.61 0.06
