Car 0.0 0 -1.77 725.79 180.36 834.97 261.73 1.48 1.60 3.76 3.42 1.66 15.25 -1.54 8.42
Car 0.0 0 -1.75 702.90 173.61 781.71 237.28 1.64 1.65 3.94 3.67 1.68 20.80 -1.57 4.82
Car 0.0 0 -1.69 681.63 179.53 723.05 212.57 1.36 1.56 3.81 4.09 1.69 32.55 -1.56 2.04
Car 0.0 0 -2.75 298.32 178.85 467.33 237.72 1.47 1.66 4.08 -6.17 1.67 19.73 -3.06 4.38
Car 0.0 0 -2.81 385.99 177.52 505.00 224.57 1.50 1.55 3.40 -5.64 1.69 24.74 -3.03 1.59
Car 0.0 0 -2.84 418.18 176.61 534.19 220.66 1.51 1.62 3.75 -4.97 1.68 26.61 -3.02 1.32
Car 0.0 0 0.55 115.98 180.34 415.86 279.60 1.48 1.64 4.26 -5.80 1.65 12.20 0.10 4.09
Car 0.0 0 -2.89 449.07 175.67 552.13 214.67 1.52 1.67 4.00 -4.61 1.67 30.18 -3.04 0.50
Car 0.0 0 -2.99 481.09 174.78 565.94 208.51 1.54 1.67 4.14 -4.25 1.67 35.16 -3.11 0.13
Car 0.0 0 -3.02 493.33 175.99 576.93 205.44 1.46 1.68 4.09 -3.97 1.67 38.60 -3.12 0.14
Car 0.0 0 -1.95 23.07 185.16 267.61 326.99 1.47 1.60 3.73 -6.02 1.61 8.74 -2.52 0.99
Car 0.0 0 -2.96 466.33 174.67 556.36 212.24 1.55 1.67 4.01 -4.40 1.67 32.14 -3.10 0.10
