Car 0.0 0 -1.73 678.72 183.26 757.80 240.54 1.42 1.64 3.97 2.88 1.72 20.28 -1.58 5.04
Car 0.0 0 -0.28 728.02 172.62 858.00 223.61 1.59 1.64 3.84 6.09 1.63 24.40 -0.03 3.53
Car 0.0 0 0.47 223.06 177.41 438.18 260.32 1.54 1.60 3.65 -5.79 1.70 15.06 0.11 3.78
Car 0.0 0 -2.86 331.80 174.68 491.94 229.85 1.55 1.66 4.32 -5.95 1.65 21.90 -3.12 1.12
Car 0.0 0 0.41 262.77 175.04 465.70 249.67 1.58 1.63 3.97 -5.67 1.67 16.91 0.08 2.64
Car 0.0 0 -2.90 381.52 175.27 506.71 219.37 1.56 1.68 4.28 -6.21 1.68 27.22 -3.12 0.20
Car 0.0 0 -3.01 420.44 176.81 519.50 211.47 1.49 1.69 4.02 -6.44 1.71 33.36 3.08 0.17
Car 0.0 0 -2.55 76.71 169.68 324.09 290.16 1.73 1.66 3.86 -6.86 1.70 11.56 -3.06 1.22
Car 0.0 0 -2.44 -32.43 155.07 249.26 361.99 1.70 1.65 3.93 -5.59 1.56 7.05 -3.05 1.68
Car 0.0 0 -3.00 447.70 178.66 534.37 208.40 1.43 1.65 4.15 -6.12 1.77 37.40 3.12 0.08
Car 0.0 0 2.15 180.68 174.11 280.03 218.34 1.55 1.63 3.83 -15.78 1.73 29.81 1.67 0.09
Car 0.0 0 -2.93 381.12 176.65 502.65 221.49 1.49 1.62 4.10 -6.13 1.67 26.26 3.13 0.06
