Car 0.0 0 -1.72 652.95 172.70 712.81 220.37 1.65 1.67 4.06 2.63 1.68 27.41 -1.62 3.19
Car 0.0 0 -1.95 743.01 194.50 993.88 337.55 1.45 1.62 4.27 2.96 1.73 9.45 -1.60 10.08
Car 0.0 0 -2.90 384.85 177.16 507.59 222.51 1.50 1.65 4.13 -5.85 1.70 25.69 -3.12 0.87
Car 0.0 0 2.15 191.26 180.50 297.06 222.23 1.42 1.54 3.82 -13.45 1.72 26.64 1.69 0.45
Car 0.0 0 -2.76 337.36 177.32 466.46 243.20 1.56 1.62 3.80 -5.37 1.69 18.75 -3.04 0.84
Car 0.0 0 -2.98 422.02 171.44 520.56 211.78 1.65 1.67 3.98 -6.09 1.63 31.69 3.12 0.36
Car 0.0 0 -2.90 396.90 171.03 511.86 216.50 1.65 1.66 4.12 -6.07 1.63 28.03 -3.11 0.26
Car 0.0 0 0.44 233.13 180.30 409.99 243.46 1.43 1.59 4.06 -7.17 1.65 18.03 0.06 0.37
Car 0.0 0 -3.05 478.87 174.15 533.96 204.88 1.55 1.62 3.80 -5.74 1.68 40.19 3.09 0.09
Car 0.0 0 -1.68 647.28 175.24 687.38 209.80 1.50 1.59 3.83 2.62 1.66 34.29 -1.60 0.21
Car 0.0 0 -2.95 409.19 174.99 507.29 218.29 1.55 1.63 3.98 -5.92 1.67 28.09 3.12 0.10
Car 0.0 0 -3.03 465.83 174.18 536.23 206.56 1.55 1.62 3.80 -5.72 1.68 37.93 3.10 0.09
Car 0.0 0 2.22 108.41 178.79 235.32 225.08 1.43 1.53 3.91 -15.05 1.68 24.73 1.67 0.13
Car 0.0 0 -2.55 80.25 177.50 319.09 276.23 1.52 1.64 4.03 -7.24 1.62 12.73 -3.07 0.28
Car 0.0 0 -2.93 386.11 176.70 505.20 221.96 1.54 1.63 4.06 -5.95 1.71 26.26 3.13 0.17
Car 0.0 0 -1.71 726.15 198.09 821.97 275.17 1.44 1.51 3.31 3.37 2.01 15.54 -1.49 0.31
Car 0.0 0 -1.64 636.24 174.60 665.06 199.82 1.48 1.59 3.77 2.53 1.64 46.14 -1.58 0.12
Car 0.0 0 -1.92 -79.87 145.86 194.31 353.70 1.92 1.65 3.63 -6.46 1.70 7.90 -2.58 0.80
