Car 0.0 0 1.66 526.45 177.68 572.00 217.44 1.42 1.57 3.48 -2.40 1.63 28.31 1.58 2.92
Car 0.0 0 -1.72 653.09 172.26 702.88 212.06 1.56 1.62 3.92 2.79 1.56 30.73 -1.62 2.44
Car 0.0 0 -1.84 713.43 185.94 860.60 280.52 1.41 1.59 3.82 2.91 1.66 12.88 -1.60 9.15
Car 0.0 0 -2.73 293.39 174.81 453.91 234.64 1.49 1.63 4.19 -6.50 1.56 19.64 -3.05 1.66
Car 0.0 0 0.59 11.61 175.74 388.06 303.37 1.48 1.62 4.15 -5.67 1.60 10.02 0.08 5.88
Car 0.0 0 0.48 153.43 174.95 418.86 271.01 1.48 1.61 4.14 -5.74 1.57 12.82 0.05 3.39
Car 0.0 0 -2.58 444.64 173.73 524.22 203.95 1.45 1.59 3.78 -6.43 1.53 36.72 -2.76 0.47
Car 0.0 0 -2.79 237.97 176.50 447.19 247.45 1.46 1.58 4.25 -6.06 1.57 16.40 3.14 0.92
Car 0.0 0 0.49 94.99 178.20 402.97 282.32 1.47 1.57 4.19 -5.87 1.61 11.73 0.03 0.82
Car 0.0 0 -2.17 326.53 175.41 457.57 231.46 1.47 1.59 3.86 -6.31 1.56 20.65 -2.46 0.33
Car 0.0 0 -2.34 465.94 174.34 537.28 204.92 1.47 1.60 3.91 -5.64 1.60 37.37 -2.49 0.10
