Car 0.0 0 -1.76 659.17 177.27 737.41 238.95 1.63 1.65 3.90 2.46 1.80 21.35 -1.64 5.19
Car 0.0 0 -1.87 718.28 188.93 906.38 310.78 1.47 1.61 3.68 2.73 1.73 10.77 -1.59 12.39
Car 0.0 0 -2.99 325.49 183.41 475.36 232.64 1.48 1.64 4.22 -6.83 1.86 23.68 3.01 1.92
Car 0.0 0 -2.73 150.35 168.21 408.08 272.53 1.82 1.74 4.21 -6.25 1.76 13.88 3.12 4.43
Car 0.0 0 -2.85 286.10 185.24 455.80 246.30 1.48 1.57 4.08 -6.38 1.85 19.42 3.12 2.23
Car 0.0 0 -3.02 407.38 182.42 504.37 219.76 1.45 1.63 3.92 -6.46 1.87 30.09 3.05 0.64
Car 0.0 0 0.69 -42.55 185.24 282.38 326.27 1.47 1.64 4.01 -6.67 1.72 9.10 0.09 5.45
Car 0.0 0 -1.72 650.88 180.74 709.24 224.67 1.45 1.65 3.93 2.46 1.77 26.47 -1.62 1.08
Car 0.0 0 -1.67 636.44 179.02 672.86 209.79 1.44 1.60 3.77 2.21 1.79 36.89 -1.61 0.19
Car 0.0 0 0.37 256.77 177.64 443.94 253.69 1.59 1.61 3.86 -6.06 1.78 16.86 0.03 0.82
Car 0.0 0 -3.04 445.40 177.69 531.24 210.39 1.56 1.63 3.76 -6.32 1.86 37.46 3.08 0.11
Car 0.0 0 -3.04 465.65 179.06 538.31 206.46 1.52 1.65 3.81 -6.51 1.94 43.76 3.09 0.10
Car 0.0 0 -1.67 636.03 179.00 675.30 210.71 1.45 1.60 3.83 2.22 1.78 36.14 -1.61 0.12
