Car 0.0 0 -1.81 708.43 190.71 833.08 276.81 1.41 1.62 3.90 2.90 1.77 13.98 -1.59 7.80
Car 0.0 0 -0.37 774.95 175.51 944.55 241.41 1.58 1.65 3.89 6.50 1.68 18.93 -0.03 3.64
Car 0.0 0 0.62 -27.32 186.14 331.13 325.33 1.49 1.62 3.83 -5.94 1.71 8.93 0.06 4.63
Car 0.0 0 -2.86 274.49 180.01 459.23 241.94 1.49 1.62 4.20 -6.30 1.70 18.91 3.10 1.33
Car 0.0 0 0.44 217.25 176.85 443.09 255.73 1.54 1.62 3.98 -5.95 1.69 15.65 0.07 2.18
Car 0.0 0 0.55 47.64 177.45 394.57 291.04 1.54 1.58 3.85 -5.94 1.68 11.22 0.06 3.96
Car 0.0 0 -1.67 637.74 179.65 667.09 204.84 1.42 1.61 3.79 2.54 1.86 44.01 -1.61 0.66
Car 0.0 0 -0.13 703.46 177.15 767.95 214.32 1.59 1.74 3.95 5.72 1.83 33.29 0.05 0.37
Car 0.0 0 -2.96 385.20 177.47 502.31 222.04 1.58 1.69 4.22 -6.28 1.79 27.31 3.10 0.55
Car 0.0 0 0.46 143.48 177.45 397.65 271.94 1.56 1.56 3.73 -6.16 1.70 13.19 0.02 1.40
Car 0.0 0 -2.81 353.85 178.73 487.48 227.91 1.55 1.63 3.81 -6.43 1.78 24.43 -3.06 0.21
Car 0.0 0 0.44 180.11 177.68 409.93 268.21 1.57 1.59 3.80 -5.93 1.71 13.73 0.03 0.87
Car 0.0 0 -2.99 443.09 180.20 531.20 212.61 1.42 1.62 4.20 -5.81 1.79 33.95 3.12 0.14
Car 0.0 0 -3.05 458.22 179.66 540.32 209.18 1.40 1.64 4.26 -5.60 1.79 36.96 3.08 0.09
Car 0.0 0 -2.95 390.02 178.51 502.91 223.56 1.56 1.66 4.16 -6.16 1.81 26.95 3.11 0.13
Car 0.0 0 -0.11 703.17 179.08 770.53 215.21 1.53 1.70 4.05 5.84 1.84 33.67 0.07 0.09
Car 0.0 0 -3.03 455.31 179.85 539.48 210.33 1.41 1.64 4.25 -5.64 1.80 36.07 3.10 0.07
Car 0.0 0 -0.19 720.09 180.12 836.30 221.33 1.53 1.64 4.08 6.78 1.86 29.15 0.04 0.06
