Car 0.0 0 1.93 261.06 188.71 433.77 287.27 1.53 1.64 4.05 -4.79 1.87 13.61 1.58 9.08
Car 0.0 0 -1.83 749.57 182.82 895.25 273.44 1.50 1.61 3.76 3.87 1.70 13.94 -1.54 10.46
Car 0.0 0 -1.77 712.26 180.31 801.76 242.34 1.49 1.66 3.93 3.84 1.71 19.60 -1.57 5.94
Car 0.0 0 1.77 522.11 179.56 562.27 207.47 1.53 1.63 3.71 -3.94 1.95 42.24 1.68 1.79
Car 0.0 0 -2.00 829.11 191.65 1129.86 359.45 1.46 1.58 3.62 3.73 1.67 8.18 -1.53 12.39
Car 0.0 0 1.83 386.52 185.49 485.06 249.40 1.51 1.62 3.82 -4.64 1.89 19.56 1.60 5.62
Car 0.0 0 1.81 441.30 184.19 512.55 230.51 1.45 1.65 4.10 -4.61 1.87 25.33 1.63 3.08
Car 0.0 0 -1.70 698.91 179.72 758.54 226.47 1.47 1.67 3.88 4.03 1.74 25.20 -1.54 1.75
Car 0.0 0 -1.68 690.11 178.32 739.00 215.58 1.52 1.65 3.83 4.56 1.78 32.03 -1.53 0.17
Car 0.0 0 -1.65 684.41 178.27 728.92 212.16 1.50 1.65 3.92 4.59 1.79 34.62 -1.52 0.21
Car 0.0 0 -2.64 1013.98 177.67 1120.99 214.25 1.45 1.48 3.76 19.81 1.70 31.43 -2.07 0.30
Car 0.0 0 -1.68 693.48 179.54 748.88 220.32 1.50 1.65 3.91 4.39 1.77 29.18 -1.53 0.06
