Car 0.0 0 -1.73 647.85 177.03 704.43 223.64 1.60 1.63 4.05 2.37 1.78 27.10 -1.63 3.07
Car 0.0 0 1.71 499.29 182.92 555.49 230.03 1.44 1.59 3.63 -2.78 1.81 24.55 1.60 3.27
Car 0.0 0 -1.92 739.13 198.58 981.07 340.44 1.40 1.56 3.82 2.77 1.73 9.16 -1.59 10.86
Car 0.0 0 -2.72 193.67 180.71 407.06 258.53 1.51 1.64 4.07 -6.65 1.70 15.39 -3.13 3.23
Car 0.0 0 0.65 -26.24 183.82 333.08 324.53 1.49 1.60 4.09 -5.90 1.66 8.90 0.09 3.99
Car 0.0 0 -2.72 406.92 179.55 514.42 215.84 1.48 1.67 4.04 -6.46 1.79 31.26 -2.92 0.49
Car 0.0 0 0.50 62.46 181.24 360.14 287.71 1.50 1.58 4.04 -6.36 1.64 11.16 -0.00 1.15
Car 0.0 0 -3.02 434.69 179.22 526.96 215.13 1.50 1.68 4.20 -5.76 1.80 31.90 3.08 0.14
Car 0.0 0 0.45 94.29 182.37 360.18 285.39 1.51 1.56 4.14 -6.25 1.65 11.60 -0.04 0.67
Car 0.0 0 0.60 -25.64 190.08 297.74 334.43 1.49 1.62 4.03 -6.04 1.70 8.43 0.02 0.66
Car 0.0 0 -2.80 249.61 181.77 412.23 245.54 1.47 1.54 3.60 -7.11 1.71 18.23 3.11 0.25
Car 0.0 0 0.56 66.52 184.00 351.79 296.31 1.49 1.57 3.88 -6.23 1.65 10.62 0.05 0.52
