Car 0.0 0 -1.77 673.08 182.14 750.03 238.75 1.42 1.58 3.64 2.70 1.70 20.32 -1.63 7.36
Car 0.0 0 -1.69 649.52 175.05 697.60 215.61 1.56 1.59 3.74 2.55 1.68 30.15 -1.60 2.42
Car 0.0 0 -1.96 755.36 186.27 1020.29 356.03 1.50 1.58 3.59 2.80 1.68 8.26 -1.59 12.65
Car 0.0 0 0.41 275.84 176.18 449.21 238.47 1.49 1.64 3.95 -6.54 1.63 19.15 0.08 4.27
Car 0.0 0 -2.65 52.18 170.33 354.58 287.52 1.56 1.62 3.97 -6.22 1.58 11.14 3.12 6.77
Car 0.0 0 -2.92 349.12 166.03 496.11 225.93 1.82 1.73 4.28 -6.05 1.63 23.45 3.11 2.94
Car 0.0 0 -3.03 447.98 177.17 524.03 207.90 1.44 1.60 3.74 -6.26 1.70 36.25 3.08 0.26
Car 0.0 0 -2.75 124.82 174.43 358.64 266.81 1.53 1.57 3.83 -6.85 1.61 13.43 3.06 1.94
Car 0.0 0 -3.05 472.75 175.73 544.00 205.76 1.50 1.66 3.79 -5.46 1.69 38.89 3.10 0.38
Car 0.0 0 -2.98 394.64 175.85 516.29 217.70 1.50 1.63 4.17 -5.99 1.65 27.97 3.09 0.27
Car 0.0 0 0.64 -31.92 160.97 296.69 326.02 1.67 1.67 4.01 -6.22 1.59 8.42 0.06 3.17
Car 0.0 0 -3.03 474.24 175.86 545.87 206.16 1.51 1.65 3.79 -5.37 1.71 38.70 3.11 0.20
Car 0.0 0 -2.72 154.56 175.65 378.37 260.59 1.53 1.59 3.85 -6.70 1.64 14.23 3.12 0.65
Car 0.0 0 -1.68 641.35 174.60 673.70 204.61 1.55 1.61 3.84 2.58 1.68 40.43 -1.61 0.12
