Car 0.0 0 1.83 394.46 183.82 494.30 247.05 1.54 1.67 3.87 -4.46 1.86 19.92 1.60 6.88
Car 0.0 0 -1.74 718.74 179.56 797.16 238.14 1.50 1.60 3.73 4.10 1.71 20.68 -1.54 6.18
Car 0.0 0 -1.82 750.09 183.07 875.81 269.00 1.49 1.56 3.54 3.89 1.70 14.50 -1.55 10.17
Car 0.0 0 -1.71 697.54 178.80 758.82 223.65 1.47 1.66 3.98 4.15 1.69 26.02 -1.55 3.32
Car 0.0 0 -1.97 810.84 179.66 1060.69 330.34 1.53 1.59 3.68 3.80 1.63 9.24 -1.55 12.58
Car 0.0 0 1.78 456.03 182.44 522.65 228.81 1.50 1.54 3.68 -4.29 1.88 25.99 1.61 3.60
Car 0.0 0 1.73 489.95 182.11 541.34 218.47 1.49 1.62 3.94 -4.21 1.94 32.51 1.60 0.90
Car 0.0 0 -1.67 686.69 177.83 733.08 213.33 1.49 1.65 3.90 4.47 1.74 32.91 -1.53 0.37
Car 0.0 0 1.75 547.82 177.99 579.43 202.46 1.58 1.61 3.81 -3.17 1.96 49.68 1.68 0.62
Car 0.0 0 2.72 951.01 176.60 1045.36 209.38 1.51 1.57 3.96 19.31 1.74 36.04 -3.07 0.19
Car 0.0 0 -1.66 683.97 177.33 727.95 212.02 1.51 1.63 3.86 4.48 1.75 34.08 -1.52 0.12
