Car 0.0 0 1.81 432.74 183.95 513.58 237.32 1.52 1.69 3.99 -4.26 1.89 22.97 1.62 5.80
Car 0.0 0 -1.78 731.82 181.99 826.56 250.35 1.47 1.55 3.59 3.98 1.71 17.57 -1.54 8.06
Car 0.0 0 -1.71 710.16 179.16 774.20 229.62 1.49 1.60 3.68 4.20 1.71 23.58 -1.53 4.94
Car 0.0 0 -1.89 770.76 178.65 938.70 286.43 1.54 1.62 3.66 3.94 1.66 12.31 -1.56 10.40
Car 0.0 0 -1.69 693.08 177.36 745.02 218.75 1.51 1.68 3.98 4.27 1.72 28.92 -1.54 1.52
Car 0.0 0 1.77 480.68 183.25 538.14 223.95 1.50 1.53 3.63 -4.03 1.94 29.26 1.63 2.21
Car 0.0 0 -2.10 946.28 174.70 1019.72 206.70 1.48 1.55 3.62 18.45 1.60 35.96 -1.62 0.86
Car 0.0 0 -2.11 872.86 188.92 1254.54 375.70 1.45 1.63 3.89 3.77 1.67 6.58 -1.55 5.83
Car 0.0 0 1.73 504.77 182.79 552.27 216.28 1.48 1.66 4.16 -3.91 1.99 34.93 1.62 0.63
Car 0.0 0 1.00 991.89 173.51 1082.26 210.35 1.52 1.55 3.62 19.01 1.56 32.25 1.53 0.38
Car 0.0 0 1.75 556.39 178.45 587.48 201.88 1.59 1.60 3.80 -2.72 2.03 52.25 1.70 0.29
Car 0.0 0 -1.66 685.74 176.78 725.51 208.58 1.53 1.64 3.90 4.95 1.78 37.96 -1.52 0.09
