Car 0.0 0 -1.66 467.43 199.57 513.35 238.17 1.50 1.59 3.61 -5.14 2.65 30.52 -1.83 2.69
Car 0.0 0 -1.97 627.20 208.51 893.20 366.50 1.49 1.65 4.22 1.45 1.94 8.91 -1.77 13.37
Car 0.0 0 -1.82 563.31 202.47 698.07 297.31 1.52 1.56 3.65 0.19 2.10 13.65 -1.79 10.20
Car 0.0 0 -1.76 509.69 191.97 598.50 267.98 1.73 1.64 4.05 -1.61 2.27 18.68 -1.84 5.75
Car 0.0 0 1.80 176.51 217.27 301.88 307.35 1.47 1.51 3.52 -7.14 2.38 14.07 1.33 6.49
Car 0.0 0 1.99 -67.93 225.74 243.73 407.20 1.48 1.61 3.82 -5.19 2.09 7.57 1.36 6.66
Car 0.0 0 -1.71 485.43 196.34 552.99 250.52 1.60 1.55 3.33 -3.06 2.38 23.46 -1.84 1.18
Car 0.0 0 1.69 345.65 201.55 377.94 227.33 1.50 1.56 3.76 -15.53 3.32 45.11 1.36 0.64
Car 0.0 0 -1.65 454.12 197.75 486.92 225.61 1.53 1.64 3.62 -8.37 3.07 42.99 -1.84 0.22
Car 0.0 0 1.71 285.83 194.29 353.48 254.81 1.77 1.58 3.93 -9.46 2.52 23.63 1.33 0.45
