Car 0.0 0 -1.74 645.07 182.61 703.10 224.07 1.44 1.68 4.24 2.35 1.85 27.88 -1.65 3.17
Car 0.0 0 -1.84 679.32 186.61 776.09 250.94 1.43 1.54 3.38 2.77 1.79 18.08 -1.68 6.35
Car 0.0 0 -2.72 160.28 187.36 403.84 275.26 1.50 1.61 3.93 -6.24 1.82 13.89 3.14 6.34
Car 0.0 0 0.38 251.15 186.14 433.12 251.26 1.46 1.53 3.89 -6.65 1.85 18.09 0.02 1.96
Car 0.0 0 -2.84 302.06 182.82 463.21 239.74 1.52 1.62 4.13 -6.55 1.85 20.93 3.14 1.89
Car 0.0 0 -2.94 413.86 180.39 520.71 219.38 1.50 1.68 4.13 -5.92 1.84 29.80 -3.14 0.72
Car 0.0 0 -2.57 -22.87 197.69 269.82 328.01 1.42 1.60 4.01 -6.82 1.77 9.17 3.12 4.80
Car 0.0 0 0.34 360.40 185.98 487.29 229.04 1.45 1.62 4.23 -6.84 1.98 26.44 0.09 0.57
Car 0.0 0 -3.12 478.03 180.40 545.12 206.36 1.46 1.72 4.16 -6.02 1.96 44.31 3.03 0.11
Car 0.0 0 -2.81 229.94 188.39 427.76 259.47 1.49 1.56 3.92 -6.54 1.89 16.83 3.11 0.68
Car 0.0 0 -2.94 421.71 180.27 521.57 217.97 1.51 1.65 4.16 -5.98 1.88 31.41 -3.13 0.09
