Car 0.0 0 -1.74 680.19 181.22 762.48 242.73 1.44 1.61 3.56 2.78 1.68 19.01 -1.58 6.15
Car 0.0 0 2.05 141.43 199.77 342.31 303.97 1.51 1.61 3.90 -6.41 2.02 12.97 1.58 9.09
Car 0.0 0 1.77 457.67 183.92 505.32 216.33 1.46 1.67 3.89 -6.28 2.03 35.48 1.60 2.30
Car 0.0 0 1.88 364.79 183.48 466.24 241.23 1.64 1.71 4.41 -6.19 2.01 23.28 1.62 2.72
Car 0.0 0 2.74 814.33 161.11 985.69 216.87 1.60 1.66 4.38 8.71 1.29 22.10 3.12 1.90
Car 0.0 0 2.51 950.17 151.19 1276.80 257.20 1.56 1.65 4.38 8.36 1.31 12.15 3.12 4.47
Car 0.0 0 1.88 338.72 193.99 432.66 251.84 1.42 1.56 3.78 -6.25 2.04 20.33 1.58 0.48
Car 0.0 0 1.72 480.47 182.29 518.05 210.46 1.50 1.66 4.26 -6.40 2.10 41.92 1.57 0.24
Car 0.0 0 2.69 910.74 145.36 1162.18 239.72 1.75 1.66 4.41 8.41 1.26 14.48 -3.06 0.60
Car 0.0 0 1.73 484.55 181.32 520.16 210.07 1.55 1.66 4.17 -6.33 2.10 42.60 1.58 0.17
Car 0.0 0 -0.37 857.56 158.52 1050.54 221.58 1.58 1.61 4.17 9.11 1.23 19.37 0.07 0.15
