Car 0.0 0 1.78 476.20 187.37 536.12 229.70 1.49 1.66 3.79 -3.96 2.07 27.95 1.64 4.40
Car 0.0 0 -1.81 733.83 183.79 838.04 255.97 1.55 1.61 3.66 4.13 1.83 17.57 -1.57 7.45
Car 0.0 0 -1.71 717.24 185.87 779.41 235.89 1.46 1.56 3.62 4.34 1.88 23.25 -1.52 3.72
Car 0.0 0 -1.88 777.33 192.83 965.21 300.35 1.46 1.65 4.25 4.03 1.79 12.00 -1.53 9.45
Car 0.0 0 1.74 513.07 187.26 559.58 219.21 1.45 1.51 3.73 -3.62 2.20 35.83 1.64 1.45
Car 0.0 0 -1.67 685.86 181.99 727.93 216.97 1.57 1.64 4.01 4.66 2.06 35.22 -1.54 0.82
Car 0.0 0 -1.70 701.57 183.86 750.10 224.10 1.51 1.61 3.75 4.65 1.99 29.61 -1.54 0.39
Car 0.0 0 -2.11 913.51 180.88 982.23 208.89 1.50 1.51 4.09 19.54 2.01 41.95 -1.67 0.17
Car 0.0 0 -1.73 721.74 185.46 793.34 239.75 1.51 1.59 3.61 4.46 1.92 22.35 -1.53 0.40
Car 0.0 0 -2.20 886.81 166.29 1180.15 365.78 1.71 1.71 4.47 4.39 1.68 6.84 -1.67 0.80
Car 0.0 0 -1.72 713.35 183.98 788.23 235.85 1.50 1.62 3.59 4.37 1.86 23.07 -1.53 0.26
Car 0.0 0 -1.70 702.76 185.10 758.95 225.40 1.49 1.62 3.77 4.80 1.99 29.25 -1.53 0.22
