Car 0.0 0 -1.66 648.69 175.61 687.79 209.13 1.40 1.55 3.62 2.56 1.56 32.71 -1.58 1.56
Car 0.0 0 -1.78 691.98 179.63 815.61 262.39 1.45 1.63 3.89 2.77 1.61 14.90 -1.58 6.04
Car 0.0 0 -1.92 719.18 158.44 957.78 327.32 1.81 1.77 4.56 2.75 1.70 9.94 -1.61 7.59
Car 0.0 0 -1.72 673.03 175.73 751.32 235.36 1.50 1.64 3.95 2.74 1.58 20.31 -1.58 2.81
Car 0.0 0 0.33 230.73 165.36 449.28 249.90 1.68 1.70 4.17 -5.91 1.59 15.91 -0.03 3.05
Car 0.0 0 -2.91 306.01 169.91 480.83 226.68 1.57 1.65 4.31 -6.40 1.52 21.61 3.08 0.58
Car 0.0 0 0.27 288.62 166.74 465.75 237.16 1.66 1.66 4.18 -5.95 1.55 18.61 -0.04 0.96
Car 0.0 0 -2.68 51.84 178.22 338.07 282.82 1.48 1.54 3.61 -6.62 1.63 11.65 3.08 2.53
Car 0.0 0 -3.02 436.27 167.99 530.69 204.41 1.64 1.69 4.08 -5.99 1.44 34.28 3.09 0.34
Car 0.0 0 0.25 400.18 171.54 509.09 211.17 1.51 1.69 4.08 -6.38 1.49 29.66 0.04 0.55
Car 0.0 0 -1.65 634.97 171.06 667.10 199.27 1.52 1.60 3.66 2.32 1.46 41.81 -1.59 0.51
Car 0.0 0 -2.76 145.26 166.48 406.44 265.56 1.67 1.68 4.05 -6.24 1.63 13.67 3.09 2.47
Car 0.0 0 -2.63 -50.38 184.73 324.88 312.42 1.44 1.58 4.07 -6.39 1.64 9.30 3.07 2.63
Car 0.0 0 -2.61 -64.41 182.42 264.07 348.76 1.49 1.60 3.99 -5.72 1.61 7.47 3.06 1.60
Car 0.0 0 -3.10 479.28 171.92 539.83 200.33 1.50 1.65 3.90 -5.75 1.51 41.63 3.04 0.07
Car 0.0 0 -2.95 357.74 172.78 498.07 220.28 1.51 1.63 4.07 -6.30 1.54 25.00 3.08 0.11
Car 0.0 0 -2.66 -34.81 183.48 324.32 307.82 1.45 1.56 4.03 -6.35 1.62 9.55 3.05 1.04
Car 0.0 0 -2.69 12.77 179.32 330.99 286.73 1.48 1.57 3.67 -6.80 1.63 11.40 3.05 0.76
Car 0.0 0 -1.73 675.35 177.96 754.32 238.97 1.51 1.61 3.85 2.81 1.69 20.33 -1.58 0.25
