Car 0.0 0 -1.66 645.12 177.60 689.04 214.97 1.50 1.62 3.70 2.39 1.72 31.19 -1.58 2.47
Car 0.0 0 1.82 376.25 187.83 488.41 259.44 1.42 1.64 4.06 -4.04 1.80 16.88 1.58 6.39
Car 0.0 0 2.75 764.95 156.09 934.58 214.36 1.79 1.71 4.64 7.67 1.29 23.51 3.08 2.90
Car 0.0 0 1.98 145.22 195.78 425.85 351.13 1.49 1.68 4.33 -3.77 1.79 9.24 1.56 10.68
Car 0.0 0 -0.23 745.82 161.71 854.90 203.28 1.62 1.65 4.36 7.75 1.21 29.78 0.03 0.27
Car 0.0 0 2.28 3.47 209.35 244.10 352.38 1.44 1.55 3.91 -6.66 1.92 9.24 1.68 3.80
Car 0.0 0 1.72 442.09 180.59 493.75 219.46 1.53 1.65 4.10 -6.17 1.90 31.55 1.53 0.19
Car 0.0 0 -2.06 943.32 151.43 1004.77 180.69 1.67 1.73 3.49 22.22 0.42 44.12 -1.59 0.36
Car 0.0 0 1.71 486.62 181.39 517.59 205.94 1.49 1.58 3.73 -7.08 2.09 47.57 1.56 0.38
Car 0.0 0 -2.04 936.73 153.53 999.27 180.30 1.57 1.68 3.70 22.37 0.41 45.38 -1.58 0.26
Car 0.0 0 -0.28 749.81 159.80 870.71 205.64 1.68 1.65 4.42 7.73 1.21 28.14 -0.01 0.10
Car 0.0 0 -2.05 986.17 146.64 1050.99 180.08 1.80 1.75 3.56 23.60 0.40 41.74 -1.54 0.10
