Car 0.0 0 -1.80 675.83 171.11 790.82 258.76 1.71 1.73 4.36 2.58 1.71 16.37 -1.63 5.64
Car 0.0 0 -1.69 659.51 180.09 721.52 228.02 1.40 1.64 3.86 2.49 1.65 23.56 -1.58 2.00
Car 0.0 0 -1.65 638.49 178.44 669.97 207.18 1.43 1.57 3.58 2.31 1.77 38.81 -1.59 0.86
Car 0.0 0 -2.77 176.57 181.58 416.81 266.74 1.50 1.59 3.96 -6.14 1.72 14.41 3.11 3.62
Car 0.0 0 -2.82 259.11 177.09 437.45 245.89 1.54 1.55 3.64 -6.40 1.67 17.75 3.11 1.20
Car 0.0 0 -2.65 49.28 181.65 346.35 292.39 1.52 1.60 3.77 -6.60 1.73 11.56 3.11 4.27
Car 0.0 0 -2.85 297.33 171.56 465.41 236.36 1.66 1.67 3.98 -6.32 1.66 19.95 3.13 1.22
Car 0.0 0 -2.87 358.24 170.77 493.95 227.21 1.67 1.70 4.10 -5.94 1.64 23.19 -3.12 0.41
Car 0.0 0 -2.99 404.09 173.49 512.79 212.15 1.54 1.66 3.89 -6.55 1.61 31.06 3.08 0.18
Car 0.0 0 -1.70 653.61 180.07 705.40 221.39 1.44 1.65 4.03 2.58 1.74 27.69 -1.60 0.18
Car 0.0 0 -3.03 448.41 172.35 532.25 204.83 1.58 1.64 3.78 -6.23 1.59 37.59 3.09 0.13
Car 0.0 0 -2.89 370.64 171.84 496.48 225.07 1.65 1.68 3.97 -5.97 1.65 24.37 -3.13 0.13
Car 0.0 0 -3.02 464.59 171.67 534.85 203.62 1.63 1.67 3.88 -6.04 1.61 39.78 3.12 0.09
Car 0.0 0 -2.96 381.36 172.80 503.19 219.12 1.57 1.64 3.83 -6.25 1.60 26.67 3.10 0.09
Car 0.0 0 -3.02 458.81 172.20 539.49 204.24 1.61 1.66 3.89 -6.02 1.63 39.34 3.11 0.06
