Car 0.0 0 -1.77 698.11 188.67 802.86 263.37 1.40 1.67 3.93 2.89 1.76 15.83 -1.58 6.04
Car 0.0 0 -0.28 757.40 176.09 917.35 236.22 1.59 1.66 3.98 6.43 1.72 20.70 0.03 3.41
Car 0.0 0 0.52 163.17 174.74 427.56 273.17 1.59 1.60 3.79 -5.68 1.69 13.26 0.11 4.33
Car 0.0 0 -2.80 262.34 177.64 465.90 246.11 1.52 1.63 4.07 -5.89 1.69 17.62 -3.13 2.19
Car 0.0 0 0.57 73.39 183.89 355.26 298.43 1.51 1.61 3.74 -6.05 1.73 11.07 0.07 4.63
Car 0.0 0 -0.16 697.15 177.60 742.91 213.24 1.57 1.66 3.78 5.24 1.84 34.82 -0.01 0.36
Car 0.0 0 -3.01 395.09 178.91 506.28 218.60 1.53 1.68 4.14 -6.53 1.81 29.66 3.06 0.35
Car 0.0 0 0.34 339.51 179.57 484.79 230.27 1.50 1.64 4.26 -6.29 1.74 23.05 0.07 0.49
Car 0.0 0 0.40 244.84 181.15 439.76 256.50 1.53 1.58 3.69 -5.96 1.74 16.08 0.04 0.60
Car 0.0 0 -1.66 637.15 179.06 665.99 203.89 1.46 1.63 3.76 2.62 1.90 46.13 -1.60 0.29
Car 0.0 0 -2.44 -54.48 193.63 226.65 342.14 1.43 1.57 3.85 -6.63 1.69 8.09 -3.06 2.19
Car 0.0 0 -3.00 448.63 181.10 530.92 212.67 1.43 1.63 4.19 -5.87 1.86 35.07 3.12 0.10
Car 0.0 0 0.36 372.38 179.79 495.85 226.44 1.51 1.63 3.89 -6.09 1.78 25.14 0.12 0.16
Car 0.0 0 -2.98 391.92 179.35 498.83 221.84 1.52 1.63 3.94 -6.47 1.81 28.16 3.08 0.08
Car 0.0 0 -3.03 457.01 180.15 540.94 209.53 1.41 1.64 4.23 -5.67 1.83 37.37 3.10 0.07
