Car 0.0 0 -1.66 656.61 177.42 703.07 216.31 1.44 1.58 3.64 2.74 1.65 29.27 -1.56 1.74
Car 0.0 0 -1.81 696.14 167.61 809.34 265.87 1.72 1.64 3.81 2.71 1.66 14.64 -1.61 5.43
Car 0.0 0 0.34 361.01 173.26 500.60 223.92 1.51 1.64 4.13 -5.76 1.56 23.20 0.10 1.52
Car 0.0 0 -2.96 393.28 172.62 515.33 215.13 1.47 1.66 4.31 -5.77 1.51 26.93 3.11 0.44
Car 0.0 0 0.48 144.27 171.84 420.38 263.40 1.49 1.58 4.11 -5.81 1.53 13.09 0.05 2.00
Car 0.0 0 -2.80 224.77 166.04 435.74 250.81 1.67 1.62 4.03 -5.98 1.58 15.54 3.11 1.47
Car 0.0 0 -2.99 410.95 172.46 522.75 209.86 1.50 1.67 4.33 -6.10 1.51 30.99 3.10 0.22
Car 0.0 0 -3.05 462.41 172.15 539.29 199.28 1.49 1.70 4.32 -6.46 1.50 42.96 3.08 0.06
Car 0.0 0 0.31 306.58 172.81 474.11 233.88 1.58 1.64 4.10 -6.10 1.61 20.02 0.02 0.18
Car 0.0 0 -2.83 203.06 172.89 435.40 255.88 1.51 1.57 4.02 -5.80 1.56 14.54 3.07 0.30
Car 0.0 0 -3.00 441.86 171.85 530.85 204.37 1.50 1.66 4.24 -6.19 1.51 36.14 3.11 0.06
Car 0.0 0 -2.68 64.76 179.49 378.60 296.41 1.52 1.60 3.95 -5.75 1.63 10.71 3.11 0.39
