Car 0.0 0 1.70 553.10 179.33 596.75 212.65 1.55 1.61 3.77 -1.74 1.90 36.20 1.65 2.23
Car 0.0 0 -1.78 734.56 188.40 835.79 259.79 1.46 1.59 3.76 3.94 1.84 16.91 -1.54 5.29
Car 0.0 0 -1.71 706.11 182.87 758.41 224.76 1.52 1.61 3.71 4.71 1.93 28.53 -1.55 1.75
Car 0.0 0 1.20 790.86 191.25 995.16 313.16 1.49 1.65 4.12 4.02 1.80 11.12 1.58 7.65
Car 0.0 0 -1.71 693.10 180.72 734.18 216.30 1.56 1.58 3.59 4.78 1.96 34.04 -1.57 0.63
Car 0.0 0 1.76 479.02 182.13 559.02 251.37 1.61 1.57 3.78 -2.35 1.88 19.31 1.64 0.76
Car 0.0 0 -1.72 721.74 184.16 793.67 239.42 1.52 1.60 3.55 4.37 1.89 22.04 -1.52 0.44
Car 0.0 0 -1.73 723.13 184.29 796.08 240.40 1.53 1.58 3.51 4.42 1.89 21.77 -1.53 0.49
Car 0.0 0 -1.68 686.53 180.18 727.24 215.05 1.58 1.62 3.74 4.71 1.98 35.66 -1.54 0.12
Car 0.0 0 -1.69 698.33 182.11 740.92 218.33 1.55 1.58 3.55 4.99 1.99 33.44 -1.54 0.10
