Car 0.0 0 -1.75 685.68 173.03 765.50 233.02 1.54 1.63 3.72 3.16 1.56 20.65 -1.59 5.81
Car 0.0 0 -1.87 736.68 177.35 929.29 290.37 1.49 1.69 4.35 3.29 1.57 11.67 -1.57 11.66
Car 0.0 0 1.78 417.33 174.90 485.29 223.18 1.59 1.67 3.71 -5.73 1.70 26.31 1.56 3.65
Car 0.0 0 -1.72 671.97 172.53 732.18 218.87 1.58 1.67 3.73 3.33 1.59 27.02 -1.59 1.26
Car 0.0 0 1.71 452.76 177.42 505.26 213.11 1.44 1.65 3.98 -5.80 1.69 32.12 1.53 1.74
Car 0.0 0 2.10 98.76 194.52 358.31 315.86 1.44 1.65 4.06 -5.44 1.80 10.94 1.61 4.62
Car 0.0 0 1.97 287.99 184.98 406.04 251.96 1.43 1.59 3.78 -6.38 1.77 17.77 1.62 0.36
Car 0.0 0 1.73 455.02 176.40 504.16 213.22 1.48 1.65 3.88 -5.73 1.68 32.02 1.55 0.80
Car 0.0 0 0.97 836.62 175.17 1238.40 365.94 1.51 1.60 3.82 3.40 1.57 6.15 1.51 2.60
Car 0.0 0 2.10 99.74 194.73 359.77 316.45 1.45 1.65 4.00 -5.48 1.81 10.97 1.61 2.32
