Car 0.0 0 -1.80 690.45 171.97 810.01 269.40 1.67 1.70 4.06 2.63 1.70 14.47 -1.61 7.64
Car 0.0 0 -1.75 665.68 180.86 745.80 238.58 1.39 1.61 3.89 2.48 1.63 19.79 -1.62 3.80
Car 0.0 0 -1.69 648.82 174.51 699.07 217.44 1.49 1.59 3.69 2.33 1.58 27.41 -1.60 2.02
Car 0.0 0 -2.68 186.63 182.05 412.40 263.78 1.49 1.60 4.00 -6.37 1.72 14.82 -3.08 5.07
Car 0.0 0 -2.73 254.57 182.03 424.41 249.10 1.46 1.62 3.80 -6.57 1.72 17.48 -3.09 1.94
Car 0.0 0 0.52 69.24 184.93 377.26 285.27 1.47 1.56 3.94 -6.44 1.74 12.17 0.03 4.37
Car 0.0 0 -2.78 378.93 179.21 492.96 227.83 1.50 1.61 3.61 -5.85 1.74 24.21 -3.02 0.88
Car 0.0 0 0.57 -18.61 178.07 347.62 309.14 1.50 1.57 3.92 -6.01 1.66 9.87 0.02 2.50
Car 0.0 0 -1.65 635.98 175.93 667.20 202.27 1.41 1.53 3.27 2.36 1.62 41.58 -1.59 0.40
Car 0.0 0 0.19 451.15 175.62 538.83 206.73 1.47 1.69 4.25 -5.94 1.66 37.23 0.03 0.19
Car 0.0 0 -2.75 288.14 181.69 431.52 241.57 1.44 1.61 3.82 -6.75 1.71 19.29 -3.09 0.68
Car 0.0 0 0.25 421.77 173.97 520.28 213.89 1.61 1.64 3.89 -6.14 1.72 31.65 0.06 0.14
Car 0.0 0 -3.02 468.73 174.81 542.88 202.71 1.48 1.69 4.04 -6.08 1.67 42.33 3.12 0.12
Car 0.0 0 -3.01 468.60 174.89 545.08 203.36 1.48 1.69 4.03 -5.97 1.68 41.59 3.13 0.09
Car 0.0 0 -2.93 412.91 177.36 503.04 216.94 1.49 1.63 3.74 -6.30 1.73 29.72 -3.13 0.08
Car 0.0 0 -2.25 401.35 177.49 502.93 217.96 1.50 1.62 3.71 -6.44 1.72 29.15 -2.47 0.10
