Car 0.0 0 -1.42 440.03 185.06 507.16 235.07 1.42 1.57 3.46 -4.17 1.43 22.55 -1.60 5.25
Car 0.0 0 -1.61 593.59 179.22 633.03 216.66 1.60 1.65 3.71 0.21 1.35 33.06 -1.60 2.48
Car 0.0 0 -1.18 220.94 181.05 423.81 308.59 1.58 1.61 3.81 -4.22 1.56 11.02 -1.56 11.29
Car 0.0 0 -1.44 484.17 182.33 536.41 220.91 1.48 1.60 4.00 -4.05 1.38 30.10 -1.58 2.12
Car 0.0 0 -1.36 411.98 181.72 459.43 214.38 1.44 1.54 3.79 -8.14 1.31 34.20 -1.60 1.63
Car 0.0 0 -0.91 -73.23 188.98 170.44 309.19 1.49 1.61 4.11 -8.74 1.54 10.99 -1.57 3.89
Car 0.0 0 -1.61 583.76 180.16 614.70 209.43 1.54 1.64 3.87 -0.52 1.30 41.32 -1.62 0.48
Car 0.0 0 -1.48 501.50 182.02 541.18 212.41 1.49 1.60 3.83 -4.67 1.37 38.88 -1.60 0.12
Car 0.0 0 -1.47 504.53 180.91 541.64 212.53 1.50 1.58 3.86 -4.46 1.32 37.97 -1.59 0.10
Car 0.0 0 -1.23 329.98 172.86 412.09 222.18 1.77 1.62 4.25 -9.47 1.35 28.81 -1.55 0.07
Car 0.0 0 -1.14 186.41 174.19 324.03 256.81 1.78 1.63 3.89 -8.62 1.56 17.78 -1.59 0.38
