Car 0.0 0 -0.23 715.16 183.94 826.65 227.63 1.48 1.67 3.77 5.81 1.92 26.42 -0.01 3.17
Car 0.0 0 -0.41 828.18 191.92 1034.05 269.37 1.46 1.58 3.71 6.62 1.90 15.25 0.01 5.59
Car 0.0 0 0.40 243.38 176.38 460.74 251.70 1.54 1.62 3.96 -5.78 1.69 16.44 0.06 3.97
Car 0.0 0 -1.68 638.48 182.72 673.54 209.85 1.39 1.59 3.77 2.48 1.96 40.00 -1.62 1.36
Car 0.0 0 -2.67 104.82 179.23 387.70 278.29 1.47 1.57 4.01 -6.08 1.65 12.34 -3.13 5.80
Car 0.0 0 -3.08 434.58 177.54 533.17 212.26 1.46 1.69 4.36 -5.73 1.71 32.75 3.03 0.93
Car 0.0 0 -2.64 -40.93 179.40 302.35 307.15 1.48 1.65 4.10 -6.77 1.62 9.71 3.06 5.45
Car 0.0 0 -0.41 794.85 183.70 970.07 257.51 1.61 1.63 3.92 6.54 1.91 17.47 -0.05 3.97
Car 0.0 0 -2.90 317.03 172.59 485.42 234.26 1.67 1.67 4.29 -6.05 1.69 21.03 3.10 1.10
Car 0.0 0 -3.02 404.53 178.19 515.81 215.32 1.42 1.63 4.07 -6.20 1.68 29.78 3.06 0.24
Car 0.0 0 -2.86 311.48 176.95 479.37 240.66 1.59 1.60 4.13 -5.93 1.72 19.78 3.13 0.45
Car 0.0 0 0.41 222.58 180.45 432.54 258.49 1.51 1.58 3.85 -5.99 1.72 15.51 0.04 0.62
Car 0.0 0 -2.69 89.11 183.29 392.69 280.40 1.47 1.56 4.04 -6.27 1.70 12.42 3.12 1.53
Car 0.0 0 -2.95 362.90 175.82 503.52 224.14 1.57 1.62 4.20 -6.11 1.70 25.17 3.09 0.14
