Car 0.0 0 -1.67 663.78 179.48 720.97 224.68 1.41 1.58 3.68 2.76 1.66 24.99 -1.56 3.48
Car 0.0 0 -1.82 719.33 168.00 901.34 305.26 1.69 1.73 4.14 2.75 1.65 10.98 -1.55 7.85
Car 0.0 0 0.43 313.71 175.73 479.97 235.74 1.50 1.62 3.95 -5.85 1.62 19.84 0.14 2.44
Car 0.0 0 -2.92 378.99 173.52 505.23 217.45 1.52 1.66 4.28 -6.21 1.57 26.82 3.13 0.48
Car 0.0 0 -2.65 121.66 159.73 380.74 278.14 1.76 1.66 3.98 -6.00 1.61 12.17 -3.11 4.51
Car 0.0 0 0.69 2.56 169.90 332.17 310.08 1.50 1.61 4.01 -5.79 1.56 9.23 0.14 4.14
Car 0.0 0 -0.12 712.68 172.47 799.21 214.61 1.57 1.65 3.91 5.76 1.58 28.96 0.08 0.56
Car 0.0 0 -2.88 367.70 175.65 500.92 223.44 1.51 1.61 4.17 -6.02 1.64 24.79 -3.12 0.23
Car 0.0 0 -2.73 203.64 172.35 402.05 251.15 1.59 1.62 3.83 -6.74 1.62 15.89 -3.13 0.77
Car 0.0 0 -2.95 419.99 172.11 525.32 208.24 1.59 1.69 4.22 -6.44 1.60 34.06 -3.14 0.11
Car 0.0 0 0.32 357.17 175.86 495.90 227.51 1.52 1.61 4.19 -5.86 1.64 23.00 0.07 0.32
Car 0.0 0 -2.82 291.87 179.92 456.12 239.20 1.45 1.58 3.85 -6.36 1.67 19.40 -3.14 0.41
Car 0.0 0 -2.90 380.83 175.27 503.10 220.20 1.49 1.61 4.15 -6.11 1.62 26.00 -3.13 0.14
Car 0.0 0 -2.69 88.57 168.38 382.03 280.14 1.62 1.62 4.00 -6.06 1.60 11.86 3.12 1.14
Car 0.0 0 -3.02 455.37 175.24 536.66 203.94 1.46 1.65 4.08 -6.27 1.64 39.95 3.11 0.07
