Car 0.0 0 -1.71 650.60 173.23 703.35 215.48 1.53 1.61 3.87 2.54 1.57 28.59 -1.62 2.87
Car 0.0 0 1.68 514.33 178.92 564.15 221.98 1.42 1.55 3.39 -2.58 1.66 26.26 1.59 3.35
Car 0.0 0 -1.88 722.73 189.68 903.86 303.11 1.41 1.59 3.86 2.82 1.68 11.02 -1.61 10.47
Car 0.0 0 -2.80 243.35 176.88 429.76 245.13 1.50 1.65 4.20 -6.65 1.61 17.45 3.12 2.44
Car 0.0 0 -2.60 439.46 175.28 519.64 208.34 1.48 1.62 3.71 -6.26 1.63 34.43 -2.78 0.50
Car 0.0 0 0.53 58.20 176.26 390.28 290.30 1.48 1.55 3.96 -5.80 1.59 10.84 0.04 3.19
Car 0.0 0 0.67 -65.05 179.08 337.53 339.20 1.49 1.62 4.27 -5.83 1.64 7.98 0.09 4.79
Car 0.0 0 -2.79 210.99 178.82 425.53 254.06 1.46 1.58 4.22 -6.22 1.62 15.44 3.11 0.62
Car 0.0 0 -2.12 295.37 176.90 436.80 234.75 1.46 1.57 3.79 -6.80 1.58 19.88 -2.44 0.39
Car 0.0 0 0.41 131.19 177.72 400.88 272.61 1.45 1.55 4.04 -6.01 1.56 12.42 -0.04 0.65
