Car 0.0 0 -1.79 661.80 184.63 732.69 233.11 1.43 1.59 3.66 2.71 1.83 23.60 -1.67 4.89
Car 0.0 0 -1.70 636.87 182.27 682.52 216.86 1.46 1.62 3.85 2.20 1.92 33.33 -1.63 1.92
Car 0.0 0 -2.86 269.19 188.56 451.48 250.52 1.48 1.63 4.10 -6.55 1.94 19.09 3.10 4.91
Car 0.0 0 -2.70 149.22 190.73 373.91 270.89 1.46 1.57 3.92 -7.16 1.88 14.92 3.13 5.37
Car 0.0 0 -2.86 343.42 184.79 483.55 231.26 1.50 1.65 4.21 -6.83 1.96 25.23 -3.13 0.83
Car 0.0 0 -2.66 39.44 190.12 339.01 293.40 1.48 1.60 3.82 -6.92 1.85 11.96 3.09 5.51
Car 0.0 0 -2.50 927.31 185.22 1217.39 294.04 1.45 1.69 4.01 7.03 1.66 11.22 -1.93 4.50
Car 0.0 0 -2.90 321.36 187.98 461.70 240.33 1.50 1.60 4.04 -6.80 2.00 22.43 3.09 1.01
Car 0.0 0 -2.99 433.17 181.75 528.98 215.10 1.49 1.66 4.31 -6.12 1.94 34.30 3.11 0.44
Car 0.0 0 0.19 394.18 186.32 499.78 223.57 1.44 1.63 4.19 -6.73 2.02 29.92 -0.03 0.19
Car 0.0 0 -3.03 454.15 181.31 532.48 210.89 1.54 1.67 4.31 -6.51 2.06 40.52 3.10 0.07
