Car 0.0 0 -1.70 651.02 178.37 706.05 220.92 1.42 1.59 3.98 2.41 1.65 26.64 -1.60 2.81
Car 0.0 0 0.38 316.84 178.91 472.47 237.24 1.48 1.60 3.86 -5.95 1.68 20.00 0.09 1.39
Car 0.0 0 -2.75 186.37 180.54 403.28 262.11 1.48 1.55 3.85 -6.29 1.68 14.60 3.13 3.53
Car 0.0 0 0.48 65.95 170.72 370.25 276.75 1.55 1.60 3.96 -6.51 1.60 12.10 -0.01 4.77
Car 0.0 0 -2.57 -74.77 175.14 251.49 311.17 1.56 1.58 3.53 -7.03 1.66 9.55 3.09 3.35
Car 0.0 0 0.36 401.02 176.29 516.48 218.31 1.50 1.69 4.25 -5.80 1.66 27.68 0.15 0.61
Car 0.0 0 0.38 276.99 180.89 447.49 244.59 1.47 1.57 3.72 -6.18 1.70 18.11 0.05 0.77
Car 0.0 0 -2.90 361.12 177.59 491.73 228.21 1.51 1.61 3.93 -5.92 1.69 23.27 3.13 0.23
Car 0.0 0 -1.63 702.50 181.17 803.61 246.36 1.55 1.55 3.53 3.78 1.82 19.61 -1.43 0.17
Car 0.0 0 -3.01 469.81 177.23 544.72 205.05 1.46 1.60 3.93 -5.87 1.76 41.53 3.13 0.07
