Car 0.0 0 -1.71 650.12 181.62 710.51 226.86 1.42 1.59 4.13 2.31 1.74 25.08 -1.61 3.35
Car 0.0 0 -0.41 854.84 181.77 1213.65 306.13 1.47 1.70 4.05 5.57 1.64 9.91 0.12 7.09
Car 0.0 0 0.44 250.08 178.89 455.22 246.16 1.45 1.63 4.33 -6.13 1.66 17.37 0.10 3.25
Car 0.0 0 0.19 408.31 176.34 521.14 214.56 1.46 1.69 4.39 -5.94 1.63 29.62 -0.01 0.75
Car 0.0 0 -2.57 10.25 193.48 314.31 312.49 1.43 1.57 4.19 -6.38 1.72 10.01 -3.12 3.05
Car 0.0 0 -2.90 319.65 175.95 472.10 232.27 1.52 1.60 4.21 -6.24 1.65 21.04 3.10 0.69
Car 0.0 0 -1.67 644.49 178.33 690.05 214.20 1.49 1.67 4.10 2.50 1.76 32.93 -1.59 0.28
Car 0.0 0 -1.52 549.35 173.86 578.69 199.76 1.45 1.55 3.44 -2.79 1.55 43.64 -1.58 0.29
Car 0.0 0 -3.07 426.14 177.19 527.84 211.49 1.43 1.66 4.31 -5.94 1.66 32.47 3.03 0.15
Car 0.0 0 -1.66 643.25 177.42 682.66 211.97 1.49 1.64 3.98 2.41 1.73 34.00 -1.59 0.19
Car 0.0 0 0.22 360.94 176.21 500.35 225.97 1.53 1.65 4.14 -5.84 1.67 23.71 -0.02 0.23
Car 0.0 0 -3.11 470.10 176.73 553.61 205.77 1.46 1.65 4.16 -5.35 1.73 39.40 3.04 0.06
