Car 0.0 0 -2.22 722.70 176.02 807.04 213.38 1.49 1.65 3.65 6.57 1.66 31.11 -2.01 2.56
Car 0.0 0 0.56 80.22 178.28 392.13 292.46 1.50 1.58 3.97 -5.75 1.64 11.19 0.08 4.96
Car 0.0 0 -2.78 277.38 175.42 433.69 240.25 1.57 1.60 3.79 -6.66 1.66 18.98 -3.12 0.81
Car 0.0 0 -2.76 162.13 180.78 390.64 260.32 1.44 1.53 3.74 -6.72 1.64 14.64 3.09 1.31
Car 0.0 0 0.33 335.51 175.89 468.35 228.27 1.59 1.67 3.69 -6.78 1.73 23.36 0.05 0.66
Car 0.0 0 -1.69 628.92 176.51 662.53 202.20 1.43 1.54 3.44 2.06 1.68 43.13 -1.64 0.87
Car 0.0 0 -2.51 -87.70 160.60 260.69 333.42 1.75 1.71 4.10 -6.74 1.68 8.45 -3.13 2.55
Car 0.0 0 0.29 355.03 173.24 478.38 226.87 1.64 1.68 3.87 -6.42 1.69 23.93 0.03 0.36
Car 0.0 0 -2.91 420.87 174.78 515.08 207.34 1.51 1.63 4.10 -7.17 1.66 36.68 -3.11 0.15
Car 0.0 0 0.42 193.41 180.96 399.61 256.80 1.45 1.55 3.58 -6.56 1.64 15.24 0.01 0.54
Car 0.0 0 0.15 399.75 166.68 507.73 213.98 1.77 1.70 4.20 -6.50 1.59 29.75 -0.06 0.15
Car 0.0 0 -2.79 289.77 177.65 439.05 242.64 1.54 1.58 3.77 -6.40 1.67 18.71 -3.12 0.22
Car 0.0 0 -3.00 443.78 175.40 520.76 202.19 1.45 1.62 4.01 -7.46 1.67 42.70 3.11 0.10
Car 0.0 0 -2.91 359.72 165.77 496.81 223.68 1.83 1.74 4.35 -6.25 1.62 24.77 3.13 0.20
