Car 0.0 0 1.75 424.50 193.17 503.22 250.09 1.51 1.64 3.84 -4.29 2.14 21.53 1.55 6.07
Car 0.0 0 -1.76 650.05 188.86 729.34 247.80 1.51 1.63 3.62 2.15 1.99 20.72 -1.65 7.00
Car 0.0 0 -1.84 683.72 189.75 789.62 270.14 1.53 1.54 3.29 2.60 1.92 15.69 -1.67 8.67
Car 0.0 0 -1.95 749.97 192.90 980.13 348.01 1.54 1.59 3.42 2.88 1.82 9.03 -1.61 14.35
Car 0.0 0 -1.70 633.65 189.40 690.53 234.18 1.51 1.65 3.69 1.81 2.14 26.76 -1.63 3.26
Car 0.0 0 -1.67 626.29 188.67 674.04 224.38 1.53 1.71 3.89 1.77 2.30 33.79 -1.62 0.45
Car 0.0 0 1.68 463.48 193.80 514.30 235.60 1.50 1.59 3.84 -4.74 2.35 28.46 1.52 0.58
Car 0.0 0 2.11 -82.40 207.47 334.34 391.66 1.44 1.58 3.64 -3.56 1.81 5.63 1.52 2.13
Car 0.0 0 1.65 486.50 191.36 528.98 221.18 1.53 1.64 4.02 -5.72 2.60 40.47 1.51 0.12
Car 0.0 0 1.63 492.47 192.49 528.99 221.32 1.49 1.59 3.98 -5.61 2.64 40.44 1.50 0.26
