Car 0.0 0 -1.75 688.44 184.63 777.35 248.95 1.39 1.63 3.82 2.87 1.70 17.91 -1.58 5.91
Car 0.0 0 -0.29 744.37 173.90 883.18 227.80 1.57 1.65 3.86 6.30 1.63 22.63 -0.02 3.68
Car 0.0 0 -2.83 303.46 176.03 479.41 238.07 1.53 1.63 4.21 -5.83 1.65 19.36 -3.13 1.98
Car 0.0 0 0.50 150.90 177.53 417.66 272.47 1.52 1.60 3.76 -5.79 1.67 13.03 0.07 4.59
Car 0.0 0 0.46 212.63 173.39 447.48 257.98 1.58 1.61 3.83 -5.75 1.65 15.05 0.09 3.78
Car 0.0 0 -2.86 337.25 176.38 489.84 227.72 1.48 1.65 4.27 -6.12 1.62 22.60 -3.13 0.55
Car 0.0 0 -2.93 383.51 175.57 505.81 217.33 1.54 1.67 4.10 -6.47 1.68 28.37 3.13 0.21
Car 0.0 0 -2.98 431.19 177.92 522.01 211.27 1.49 1.68 4.19 -6.40 1.78 34.63 3.12 0.13
Car 0.0 0 -2.89 366.13 177.21 496.13 224.47 1.50 1.64 4.20 -6.10 1.68 24.74 -3.13 0.17
Car 0.0 0 -2.91 384.45 177.00 499.54 221.96 1.51 1.65 4.06 -6.16 1.68 26.25 -3.13 0.09
Car 0.0 0 -0.21 697.67 175.34 747.11 214.89 1.53 1.62 3.69 4.79 1.69 31.35 -0.06 0.10
Car 0.0 0 -2.98 455.82 178.74 537.75 208.27 1.42 1.62 4.18 -5.88 1.77 37.69 -3.13 0.08
Car 0.0 0 0.49 138.46 183.81 402.89 275.40 1.49 1.59 3.73 -6.17 1.74 13.19 0.05 0.80
Car 0.0 0 -0.17 690.89 176.81 755.46 212.24 1.53 1.60 3.76 5.37 1.75 34.47 -0.02 0.09
Car 0.0 0 -1.68 635.11 175.11 662.98 199.90 1.49 1.62 3.81 2.51 1.69 47.13 -1.63 0.21
