Car 0.0 0 -1.78 677.04 183.99 768.86 247.22 1.43 1.60 3.72 2.72 1.72 18.43 -1.62 7.95
Car 0.0 0 -1.72 652.35 174.11 704.71 218.45 1.60 1.61 3.83 2.56 1.69 28.53 -1.62 2.19
Car 0.0 0 0.47 231.43 176.06 431.76 246.99 1.54 1.66 3.93 -6.70 1.68 17.45 0.10 5.50
Car 0.0 0 -2.06 784.48 184.82 1202.44 391.84 1.48 1.61 3.61 2.76 1.69 6.18 -1.57 8.75
Car 0.0 0 -2.86 330.84 166.38 486.33 231.03 1.80 1.73 4.21 -5.96 1.66 21.55 -3.13 2.99
Car 0.0 0 -2.60 -49.17 168.41 303.47 312.47 1.57 1.65 4.05 -6.20 1.57 9.12 3.09 6.42
Car 0.0 0 -2.67 68.20 174.97 324.16 280.89 1.53 1.54 3.50 -6.69 1.61 11.52 3.09 2.70
Car 0.0 0 -2.98 393.63 177.67 511.71 219.28 1.47 1.62 4.18 -6.01 1.69 27.67 3.09 0.53
Car 0.0 0 -3.02 444.50 178.05 524.71 208.88 1.46 1.63 4.05 -6.38 1.76 36.55 3.09 0.25
Car 0.0 0 -3.01 468.50 176.31 538.76 207.17 1.51 1.66 3.90 -5.54 1.73 37.81 3.13 0.20
Car 0.0 0 -2.92 369.58 173.23 506.80 224.61 1.61 1.66 4.26 -5.73 1.64 24.19 3.13 0.28
Car 0.0 0 -1.70 645.64 174.45 691.68 214.16 1.63 1.67 4.05 2.53 1.74 32.42 -1.62 0.31
Car 0.0 0 -1.68 638.67 174.70 672.19 205.11 1.52 1.61 3.81 2.41 1.66 39.40 -1.61 0.12
Car 0.0 0 -2.91 372.46 171.18 501.69 225.05 1.69 1.69 4.19 -5.88 1.65 24.22 -3.14 0.30
Car 0.0 0 -3.01 462.64 176.71 541.55 207.70 1.51 1.66 3.92 -5.63 1.75 37.73 3.12 0.12
