Car 0.0 0 -1.82 714.61 179.37 842.35 266.22 1.57 1.64 4.00 3.33 1.73 15.21 -1.59 9.57
Car 0.0 0 -1.69 679.40 182.05 744.53 228.85 1.50 1.60 3.75 3.42 1.82 25.11 -1.55 2.64
Car 0.0 0 -1.96 769.57 183.54 1033.08 331.91 1.50 1.64 4.06 3.33 1.63 9.25 -1.58 14.28
Car 0.0 0 1.95 234.11 195.83 405.96 281.45 1.46 1.69 4.33 -5.82 1.98 14.98 1.57 7.37
Car 0.0 0 1.81 446.82 186.45 507.78 224.26 1.46 1.59 3.85 -5.57 2.06 30.52 1.63 2.31
Car 0.0 0 -1.68 662.64 181.91 722.83 218.84 1.50 1.69 4.06 3.56 1.92 31.69 -1.57 1.18
Car 0.0 0 1.85 359.23 190.77 456.27 248.52 1.46 1.65 4.00 -5.76 2.00 20.84 1.58 4.00
Car 0.0 0 1.74 502.85 181.12 537.08 206.73 1.56 1.64 3.64 -5.82 2.13 46.91 1.62 0.93
Car 0.0 0 -1.67 652.39 180.18 687.93 210.09 1.54 1.63 3.80 3.30 1.99 40.31 -1.58 0.29
Car 0.0 0 2.51 1027.21 145.43 1299.97 259.17 1.63 1.68 4.59 9.03 1.29 11.27 -3.11 0.97
Car 0.0 0 -1.69 680.53 181.81 744.20 228.96 1.51 1.63 3.79 3.44 1.83 25.16 -1.55 0.30
Car 0.0 0 -1.67 650.61 181.07 695.88 210.57 1.53 1.65 3.88 3.53 2.02 40.76 -1.58 0.12
