Car 0.0 0 -1.84 695.38 180.00 842.82 277.76 1.42 1.62 3.87 2.53 1.56 12.56 -1.62 8.37
Car 0.0 0 -0.09 676.34 170.54 750.88 199.99 1.51 1.67 3.68 5.65 1.41 39.61 0.05 0.61
Car 0.0 0 0.49 194.16 170.09 435.17 255.23 1.51 1.62 3.96 -5.90 1.52 14.50 0.10 4.23
Car 0.0 0 1.15 778.81 176.04 948.31 250.51 1.47 1.64 4.24 5.39 1.54 16.18 1.48 1.25
Car 0.0 0 -2.81 399.40 170.64 508.29 213.98 1.47 1.60 3.78 -5.74 1.42 26.46 -3.02 0.93
Car 0.0 0 -2.96 426.88 167.07 530.82 206.54 1.60 1.65 3.95 -5.66 1.39 31.21 -3.13 0.56
Car 0.0 0 0.59 -10.92 170.90 299.07 298.54 1.47 1.63 4.33 -6.77 1.47 9.44 0.02 2.88
Car 0.0 0 -0.24 714.65 173.07 781.24 215.39 1.56 1.61 3.81 5.39 1.59 28.91 -0.05 0.16
Car 0.0 0 -2.77 379.74 171.79 496.80 217.09 1.47 1.56 3.67 -6.03 1.47 25.29 -3.01 0.33
Car 0.0 0 0.15 470.23 168.21 544.90 195.29 1.55 1.69 4.12 -6.23 1.32 44.30 0.01 0.13
Car 0.0 0 -0.21 715.93 173.53 796.94 217.23 1.52 1.60 3.79 5.45 1.54 27.46 -0.01 0.10
Car 0.0 0 0.38 294.70 159.79 472.02 236.32 1.68 1.63 3.97 -5.50 1.41 17.29 0.08 0.58
Car 0.0 0 0.41 266.91 168.17 451.96 241.87 1.54 1.59 3.92 -5.83 1.46 16.70 0.08 0.46
