Car 0.0 0 -1.75 664.59 183.47 739.72 237.55 1.41 1.61 4.16 2.53 1.73 21.15 -1.62 4.43
Car 0.0 0 0.51 148.23 177.26 425.01 265.47 1.46 1.63 4.15 -6.14 1.62 13.90 0.09 4.75
Car 0.0 0 0.22 379.42 175.45 512.51 219.50 1.45 1.68 4.43 -5.85 1.58 25.67 -0.00 1.30
Car 0.0 0 -1.70 651.60 177.81 696.47 215.25 1.45 1.58 3.73 2.61 1.68 30.57 -1.61 0.85
Car 0.0 0 1.67 552.30 173.78 582.87 200.11 1.44 1.53 3.39 -2.49 1.53 42.42 1.62 0.81
Car 0.0 0 -3.07 423.12 175.55 521.29 209.59 1.46 1.66 4.26 -6.27 1.61 33.11 3.03 0.38
Car 0.0 0 -2.81 257.06 173.61 446.01 243.30 1.54 1.58 3.85 -6.24 1.59 17.57 3.13 0.91
Car 0.0 0 -3.09 421.65 176.58 521.55 212.42 1.46 1.69 4.36 -6.09 1.65 31.85 3.00 0.13
Car 0.0 0 -1.66 634.17 173.50 661.69 199.19 1.50 1.57 3.65 2.37 1.58 45.78 -1.61 0.11
Car 0.0 0 -2.82 285.10 173.70 453.22 241.00 1.57 1.59 3.84 -6.06 1.62 18.20 -3.14 0.33
Car 0.0 0 -0.64 979.94 183.28 1244.42 366.73 1.54 1.60 3.67 5.16 1.63 6.35 -0.04 0.90
