Car 0.0 0 1.80 394.29 187.74 496.47 252.14 1.41 1.63 3.92 -4.09 1.81 18.39 1.58 5.36
Car 0.0 0 -1.66 642.88 176.83 685.21 212.84 1.49 1.63 3.75 2.34 1.69 32.22 -1.59 1.84
Car 0.0 0 1.94 225.48 193.29 443.76 322.43 1.47 1.69 4.30 -3.78 1.79 10.65 1.57 10.08
Car 0.0 0 2.81 753.02 154.92 915.89 211.34 1.79 1.71 4.65 7.41 1.23 24.28 3.11 2.92
Car 0.0 0 2.24 28.37 208.82 258.13 333.95 1.43 1.56 3.88 -6.80 1.96 10.39 1.66 4.34
Car 0.0 0 -2.05 927.88 152.51 980.78 178.82 1.63 1.70 3.62 22.76 0.33 47.87 -1.60 0.29
Car 0.0 0 2.97 737.09 161.42 841.30 201.21 1.65 1.65 4.34 7.87 1.19 32.00 -3.07 0.13
Car 0.0 0 2.99 734.12 162.88 827.63 200.49 1.61 1.62 4.38 7.73 1.22 32.92 -3.06 0.13
Car 0.0 0 -2.04 961.25 148.29 1010.83 178.91 1.81 1.72 3.57 23.78 0.34 45.78 -1.56 0.20
Car 0.0 0 1.71 489.54 181.06 520.09 205.01 1.48 1.57 3.72 -7.08 2.07 48.64 1.57 0.20
Car 0.0 0 -0.18 737.18 160.95 835.32 199.30 1.62 1.62 4.36 8.00 1.13 33.10 0.06 0.09
Car 0.0 0 -2.07 976.40 145.24 1036.02 178.87 1.88 1.70 3.60 23.87 0.35 43.50 -1.57 0.10
