Car 0.0 0 -1.71 668.70 182.75 735.03 232.57 1.43 1.61 3.76 2.80 1.76 23.03 -1.59 4.30
Car 0.0 0 -0.24 720.02 175.40 808.35 218.92 1.54 1.64 3.82 5.74 1.66 27.43 -0.03 2.51
Car 0.0 0 -1.92 744.18 169.92 988.45 344.62 1.68 1.67 3.90 2.78 1.69 8.89 -1.58 9.71
Car 0.0 0 -2.79 281.13 180.14 460.72 247.05 1.49 1.60 3.70 -5.93 1.71 17.77 -3.11 3.01
Car 0.0 0 0.40 316.94 177.12 485.53 238.20 1.52 1.63 4.06 -5.70 1.67 19.62 0.12 1.90
Car 0.0 0 -2.90 371.60 175.87 503.29 221.37 1.49 1.66 4.29 -6.00 1.63 25.37 -3.14 0.49
Car 0.0 0 -2.86 350.05 176.45 493.57 226.45 1.50 1.62 4.22 -6.14 1.66 23.51 -3.12 0.37
Car 0.0 0 -2.62 161.86 173.48 374.78 263.15 1.63 1.63 3.88 -6.92 1.68 14.41 -3.06 1.93
Car 0.0 0 -2.58 55.74 162.30 347.10 305.04 1.76 1.68 4.03 -5.85 1.68 10.27 -3.10 2.73
Car 0.0 0 0.82 -15.94 178.13 254.76 358.32 1.51 1.62 4.15 -5.60 1.60 7.05 0.23 2.81
Car 0.0 0 -2.95 414.60 174.91 518.69 210.97 1.54 1.67 4.10 -6.48 1.67 32.73 -3.14 0.14
Car 0.0 0 -2.90 368.97 177.01 506.47 223.06 1.48 1.62 4.23 -5.93 1.65 24.95 -3.14 0.24
Car 0.0 0 -2.58 7.26 165.87 351.60 304.84 1.69 1.69 4.10 -6.09 1.65 10.11 -3.12 1.35
Car 0.0 0 -3.03 457.91 177.73 536.71 206.84 1.43 1.65 4.07 -5.97 1.73 38.27 3.10 0.09
Car 0.0 0 -2.93 383.76 177.98 504.33 223.28 1.46 1.63 4.24 -5.82 1.67 25.15 3.13 0.11
Car 0.0 0 -2.58 68.36 166.63 349.48 309.11 1.75 1.70 4.07 -5.74 1.70 10.15 -3.09 0.86
