Car 0.0 0 1.78 496.14 183.05 549.71 221.19 1.51 1.65 3.73 -3.71 1.97 31.04 1.66 3.79
Car 0.0 0 -1.83 752.30 186.24 878.23 268.30 1.48 1.60 3.88 4.09 1.77 15.13 -1.55 9.09
Car 0.0 0 -1.79 723.57 178.74 807.07 239.37 1.59 1.63 3.65 4.38 1.78 21.09 -1.57 4.48
Car 0.0 0 -1.70 710.93 181.41 765.39 225.50 1.49 1.62 3.78 4.63 1.82 26.78 -1.52 1.57
Car 0.0 0 -1.67 696.71 180.74 740.65 215.52 1.47 1.63 3.86 4.90 1.86 33.21 -1.52 0.59
Car 0.0 0 1.74 529.79 182.06 569.69 211.88 1.49 1.52 3.79 -3.25 2.03 39.24 1.66 0.50
Car 0.0 0 -2.05 813.67 158.01 1142.92 348.94 1.84 1.72 4.54 4.00 1.71 9.00 -1.57 2.41
Car 0.0 0 -1.66 685.73 179.25 722.38 208.61 1.50 1.65 3.95 5.14 1.89 40.00 -1.53 0.16
Car 0.0 0 1.73 534.74 182.10 571.76 210.73 1.50 1.57 4.02 -3.22 2.07 41.10 1.65 0.19
Car 0.0 0 -1.66 696.52 181.10 742.57 215.50 1.48 1.63 3.85 5.01 1.88 33.74 -1.51 0.09
