Car 0.0 0 -1.69 633.71 177.66 675.90 213.12 1.46 1.61 3.85 1.91 1.70 32.28 -1.63 2.00
Car 0.0 0 -0.46 859.06 183.05 1215.67 303.06 1.52 1.63 4.24 6.07 1.73 10.66 0.07 5.73
Car 0.0 0 2.67 773.84 176.34 978.52 257.38 1.60 1.65 4.07 5.69 1.73 15.67 3.02 3.21
Car 0.0 0 -2.75 125.43 165.26 387.33 266.35 1.76 1.72 4.17 -6.66 1.68 13.86 3.08 3.60
Car 0.0 0 -2.55 -17.55 181.07 275.47 312.41 1.45 1.61 3.91 -6.53 1.61 9.53 -3.14 3.92
Car 0.0 0 0.41 206.73 166.08 421.60 249.06 1.69 1.65 4.09 -6.55 1.61 16.25 0.02 2.06
Car 0.0 0 -2.99 390.32 177.07 507.96 214.92 1.41 1.62 4.19 -6.46 1.61 29.09 3.08 0.56
Car 0.0 0 -0.29 740.40 183.57 921.12 244.07 1.42 1.64 4.23 5.62 1.73 18.66 0.01 1.18
Car 0.0 0 -2.86 357.90 177.78 490.04 223.75 1.46 1.61 3.85 -6.32 1.65 24.63 -3.11 0.41
Car 0.0 0 -1.67 620.41 174.57 652.54 200.09 1.53 1.67 4.27 1.64 1.69 46.66 -1.63 0.42
Car 0.0 0 -3.03 454.29 177.31 527.30 205.59 1.39 1.61 4.11 -6.34 1.66 38.24 3.09 0.24
Car 0.0 0 -0.43 835.96 182.66 1095.66 274.11 1.53 1.59 4.16 6.55 1.77 13.58 0.03 1.21
Car 0.0 0 -0.63 986.27 183.30 1236.96 350.39 1.58 1.64 4.09 6.19 1.71 7.81 -0.02 1.45
