Car 0.0 0 -1.76 668.63 176.44 738.36 227.25 1.41 1.59 3.63 2.74 1.54 22.32 -1.63 5.85
Car 0.0 0 -1.70 646.30 169.69 691.23 207.75 1.60 1.60 3.72 2.55 1.49 32.53 -1.62 1.78
Car 0.0 0 -1.87 736.97 181.22 934.23 310.81 1.50 1.59 3.56 2.89 1.63 10.35 -1.57 11.64
Car 0.0 0 -2.68 139.49 167.91 394.41 265.12 1.56 1.62 3.97 -6.27 1.52 13.16 -3.13 5.86
Car 0.0 0 0.41 308.44 172.62 468.54 228.05 1.46 1.65 3.98 -6.46 1.51 21.05 0.11 3.18
Car 0.0 0 -2.93 376.65 163.28 505.73 217.43 1.80 1.71 4.16 -6.00 1.50 25.63 3.12 1.65
Car 0.0 0 0.58 56.91 157.47 338.42 293.96 1.71 1.63 3.76 -6.07 1.57 10.50 0.06 3.86
Car 0.0 0 -2.75 210.03 171.41 407.00 248.80 1.55 1.58 3.71 -6.58 1.54 15.81 3.14 1.56
Car 0.0 0 -3.04 429.48 173.47 522.37 208.52 1.45 1.61 3.98 -6.04 1.51 32.34 3.06 0.24
Car 0.0 0 -3.07 478.66 171.88 545.43 199.41 1.48 1.66 3.74 -5.69 1.46 41.87 3.08 0.29
Car 0.0 0 -2.53 -50.46 156.33 256.18 320.80 1.68 1.63 3.98 -6.23 1.49 8.12 -3.14 1.08
Car 0.0 0 0.37 228.81 173.03 410.24 247.98 1.52 1.56 3.61 -6.38 1.55 15.97 -0.01 0.62
Car 0.0 0 -2.95 390.70 166.57 511.90 214.41 1.69 1.65 4.14 -6.03 1.49 27.35 3.12 0.15
Car 0.0 0 -1.67 639.90 169.74 672.45 199.55 1.57 1.63 3.83 2.56 1.43 41.35 -1.60 0.11
Car 0.0 0 -3.05 467.99 172.84 540.65 201.27 1.46 1.63 3.80 -5.98 1.52 40.59 3.09 0.08
