Car 0.0 0 -1.70 663.46 190.08 720.76 234.33 1.41 1.59 3.63 2.76 2.03 25.38 -1.59 4.45
Car 0.0 0 -1.82 709.15 190.61 842.21 286.88 1.53 1.57 3.48 2.89 1.88 13.46 -1.60 9.23
Car 0.0 0 -2.79 215.73 180.18 432.25 260.24 1.57 1.63 4.01 -6.13 1.78 15.70 3.12 4.68
Car 0.0 0 -1.67 644.08 184.31 684.39 218.88 1.52 1.58 3.57 2.49 2.09 34.20 -1.59 1.46
Car 0.0 0 0.35 351.84 185.86 487.31 234.60 1.46 1.68 4.00 -6.22 1.91 23.58 0.10 2.91
Car 0.0 0 -2.02 758.02 205.45 1054.24 379.18 1.47 1.62 3.86 2.81 1.83 7.91 -1.63 9.93
Car 0.0 0 -2.95 394.51 178.94 514.62 225.82 1.71 1.70 4.07 -6.01 1.97 28.02 3.12 1.36
Car 0.0 0 0.44 159.80 172.04 399.70 278.18 1.67 1.63 3.70 -5.82 1.73 12.70 0.01 3.13
Car 0.0 0 0.61 -41.92 163.41 333.10 323.49 1.67 1.67 3.99 -5.71 1.65 8.77 0.04 4.73
Car 0.0 0 -3.05 449.96 185.17 532.17 217.86 1.49 1.63 3.89 -5.88 2.13 35.48 3.07 0.15
Car 0.0 0 -3.10 477.98 185.52 542.34 212.68 1.47 1.62 3.78 -5.85 2.26 42.28 3.05 0.14
Car 0.0 0 -2.71 81.60 177.50 371.67 293.47 1.63 1.60 3.81 -5.88 1.73 11.23 3.08 0.73
Car 0.0 0 -3.08 471.24 185.25 540.41 213.94 1.46 1.61 3.76 -5.83 2.20 40.11 3.06 0.10
