Car 0.0 0 -1.83 713.89 188.40 852.01 284.31 1.42 1.60 3.74 2.83 1.72 12.80 -1.59 8.29
Car 0.0 0 -0.40 777.25 172.96 968.27 242.91 1.61 1.66 4.08 6.57 1.65 18.18 -0.05 3.61
Car 0.0 0 -0.13 704.24 177.53 804.87 216.43 1.51 1.74 4.16 5.98 1.75 30.21 0.07 0.56
Car 0.0 0 -2.77 194.81 176.87 438.62 258.61 1.51 1.62 4.11 -5.90 1.65 14.87 3.13 2.30
Car 0.0 0 0.46 132.42 173.03 387.19 272.82 1.57 1.58 3.73 -6.00 1.64 12.52 0.01 1.89
Car 0.0 0 -1.68 637.09 177.44 667.41 203.65 1.44 1.59 3.76 2.46 1.74 42.89 -1.62 0.73
Car 0.0 0 -2.85 286.71 179.06 462.97 237.34 1.48 1.60 4.21 -6.45 1.68 19.94 3.12 1.13
Car 0.0 0 0.66 -76.96 186.78 282.84 345.66 1.50 1.64 3.98 -6.09 1.71 7.92 0.05 4.46
Car 0.0 0 0.38 371.37 176.14 498.06 222.17 1.56 1.69 3.98 -6.41 1.72 26.18 0.14 0.43
Car 0.0 0 -2.71 80.47 177.20 378.18 283.97 1.54 1.55 3.66 -6.10 1.66 11.66 3.09 1.08
Car 0.0 0 -2.98 431.19 178.98 528.67 212.71 1.41 1.63 4.23 -5.85 1.71 32.38 3.12 0.21
Car 0.0 0 -2.95 390.08 176.36 502.83 221.68 1.58 1.69 4.16 -6.11 1.74 27.02 3.11 0.17
Car 0.0 0 -3.05 452.51 178.34 538.67 208.04 1.39 1.63 4.27 -5.71 1.71 36.51 3.07 0.10
Car 0.0 0 2.88 710.08 178.02 841.08 222.64 1.49 1.64 4.25 5.83 1.68 25.72 3.11 0.13
Car 0.0 0 0.47 174.86 175.46 436.88 262.09 1.57 1.64 4.13 -6.04 1.67 14.45 0.08 0.68
Car 0.0 0 -2.95 382.66 176.08 501.15 223.36 1.58 1.69 4.07 -6.13 1.74 26.06 3.10 0.12
Car 0.0 0 2.14 123.83 174.06 199.73 209.59 1.46 1.49 3.66 -21.11 1.64 33.95 1.59 0.08
Car 0.0 0 0.56 13.28 178.16 372.26 302.94 1.51 1.60 3.94 -5.84 1.65 10.09 0.03 1.10
