Car 0.0 0 -1.71 637.11 180.95 685.58 218.04 1.40 1.57 3.82 2.01 1.75 29.76 -1.64 2.47
Car 0.0 0 -0.30 771.66 182.47 980.21 257.99 1.46 1.68 3.90 5.58 1.71 15.66 0.05 5.92
Car 0.0 0 0.37 332.94 176.89 484.36 228.75 1.50 1.69 4.13 -6.37 1.68 22.87 0.10 2.63
Car 0.0 0 -2.75 189.73 181.41 409.85 256.05 1.41 1.55 4.19 -6.61 1.65 15.50 3.12 3.11
Car 0.0 0 -2.62 -23.28 171.04 323.52 300.64 1.66 1.69 4.09 -6.69 1.70 10.44 3.10 3.84
Car 0.0 0 0.24 381.21 175.12 503.73 220.99 1.54 1.62 4.18 -6.04 1.65 26.09 0.01 0.35
Car 0.0 0 -1.69 631.10 177.42 664.30 206.51 1.50 1.68 4.13 2.05 1.79 40.64 -1.64 0.12
Car 0.0 0 -3.10 455.92 176.42 528.24 207.38 1.42 1.66 4.11 -5.89 1.64 36.04 3.02 0.14
Car 0.0 0 -2.69 71.46 175.65 352.50 273.48 1.54 1.59 3.95 -6.88 1.65 12.68 3.08 1.10
Car 0.0 0 -2.81 235.25 182.89 412.81 248.60 1.42 1.52 3.79 -6.82 1.70 17.35 3.09 0.48
Car 0.0 0 -1.48 545.06 173.86 574.12 198.67 1.48 1.61 3.63 -3.27 1.59 46.68 -1.55 0.14
Car 0.0 0 0.11 488.09 175.63 556.20 202.43 1.45 1.64 3.92 -5.19 1.67 42.81 -0.01 0.08
Car 0.0 0 0.62 -42.09 173.75 257.90 342.67 1.53 1.60 4.30 -5.99 1.58 7.53 0.01 1.12
