Car 0.0 0 -1.80 686.75 189.03 774.87 249.34 1.38 1.57 3.64 2.99 1.84 18.84 -1.63 5.23
Car 0.0 0 2.86 731.44 185.93 849.77 226.42 1.44 1.65 4.11 6.77 1.96 27.46 3.11 2.41
Car 0.0 0 0.42 249.19 175.48 457.34 256.88 1.63 1.66 3.85 -5.69 1.75 16.15 0.08 2.91
Car 0.0 0 -2.84 336.32 178.06 482.01 233.62 1.56 1.59 3.65 -6.05 1.74 21.74 -3.11 0.79
Car 0.0 0 0.40 406.80 180.36 524.97 224.28 1.45 1.67 4.01 -5.16 1.76 25.81 0.20 0.90
Car 0.0 0 0.54 69.78 181.67 383.22 289.76 1.53 1.61 3.97 -6.22 1.74 11.83 0.05 4.01
Car 0.0 0 -2.71 114.41 184.93 383.25 280.60 1.50 1.54 3.73 -6.28 1.76 12.76 3.11 1.83
Car 0.0 0 -2.55 -48.08 187.98 262.91 321.16 1.51 1.61 3.79 -6.77 1.74 9.32 3.12 3.60
Car 0.0 0 -3.06 463.06 179.87 536.48 208.15 1.46 1.62 3.86 -6.15 1.89 39.93 3.07 0.29
Car 0.0 0 -3.10 470.50 179.09 548.07 206.13 1.48 1.68 4.13 -5.94 1.89 42.72 3.05 0.21
Car 0.0 0 -0.19 713.18 181.00 810.08 217.56 1.57 1.68 4.09 6.89 1.97 33.07 0.02 0.22
Car 0.0 0 -0.21 708.91 180.55 818.90 219.41 1.55 1.68 4.03 6.53 1.91 30.93 0.00 0.20
Car 0.0 0 0.34 304.03 181.52 466.84 249.23 1.55 1.60 3.81 -5.70 1.82 18.29 0.04 0.41
Car 0.0 0 -3.07 470.71 179.32 546.43 207.46 1.51 1.67 4.07 -5.90 1.92 41.76 3.08 0.13
Car 0.0 0 0.42 206.26 184.94 417.26 264.34 1.49 1.59 3.77 -6.15 1.78 14.98 0.03 0.45
Car 0.0 0 -3.07 476.45 178.19 551.40 204.92 1.51 1.68 4.17 -5.80 1.90 44.25 3.08 0.08
