Car 0.0 0 -1.76 653.57 182.53 728.43 235.00 1.46 1.66 4.26 2.40 1.78 22.61 -1.65 4.29
Car 0.0 0 -1.87 707.11 188.99 856.97 285.45 1.42 1.57 3.48 2.81 1.73 12.73 -1.64 9.87
Car 0.0 0 -2.71 214.50 186.04 413.30 259.83 1.46 1.60 4.01 -6.55 1.81 16.08 -3.10 3.85
Car 0.0 0 0.39 281.57 183.87 443.96 241.45 1.49 1.60 4.00 -6.97 1.85 20.53 0.06 1.41
Car 0.0 0 -2.65 125.82 189.59 375.11 278.67 1.45 1.57 3.82 -6.69 1.81 13.48 -3.11 3.70
Car 0.0 0 -2.48 -29.38 194.27 305.45 338.92 1.47 1.63 4.09 -6.28 1.77 8.67 -3.06 6.07
Car 0.0 0 -2.94 372.42 182.71 500.77 226.49 1.42 1.69 4.18 -6.17 1.80 25.63 3.11 1.22
Car 0.0 0 -1.69 645.47 181.23 684.41 213.97 1.40 1.56 3.54 2.47 1.82 33.62 -1.61 0.26
Car 0.0 0 -3.06 452.78 182.32 529.19 210.27 1.40 1.63 3.63 -6.48 1.96 39.11 3.06 0.18
Car 0.0 0 -2.80 257.64 184.61 422.47 247.85 1.52 1.58 3.82 -7.12 1.85 19.03 3.13 0.65
Car 0.0 0 -2.93 399.24 175.71 505.86 218.94 1.66 1.66 4.17 -6.49 1.81 29.63 3.14 0.16
Car 0.0 0 -3.05 472.97 178.58 543.83 207.06 1.42 1.63 3.67 -5.56 1.79 39.50 3.10 0.14
Car 0.0 0 -1.65 631.62 176.18 659.23 201.81 1.52 1.60 3.69 2.23 1.77 46.37 -1.60 0.11
Car 0.0 0 0.54 49.51 193.25 328.23 302.67 1.47 1.58 3.90 -6.74 1.81 11.26 0.01 0.75
