Car 0.0 0 -1.75 672.03 181.35 764.96 246.37 1.39 1.56 3.82 2.52 1.63 17.85 -1.61 4.83
Car 0.0 0 -1.82 703.67 171.01 851.30 287.57 1.69 1.70 4.11 2.68 1.70 12.57 -1.59 8.03
Car 0.0 0 -1.70 652.11 174.39 708.24 221.17 1.51 1.59 3.58 2.39 1.59 25.57 -1.60 2.99
Car 0.0 0 -2.62 104.52 185.06 381.95 282.58 1.46 1.59 3.94 -6.28 1.73 12.43 -3.09 5.87
Car 0.0 0 -2.73 235.87 184.19 412.80 252.24 1.42 1.59 3.77 -6.74 1.74 17.01 -3.11 1.59
Car 0.0 0 0.56 -31.39 191.09 330.03 314.05 1.46 1.59 3.97 -6.32 1.75 9.95 -0.01 4.67
Car 0.0 0 -2.86 348.39 182.81 475.77 234.01 1.47 1.64 3.81 -6.23 1.81 22.55 -3.12 0.88
Car 0.0 0 0.20 443.23 177.03 534.12 209.29 1.49 1.66 4.15 -6.05 1.74 35.97 0.04 0.28
Car 0.0 0 0.91 381.42 180.51 501.02 226.10 1.49 1.63 3.83 -6.04 1.78 25.62 0.68 0.30
Car 0.0 0 -1.64 638.85 175.67 672.39 204.23 1.43 1.51 3.24 2.41 1.61 38.90 -1.58 0.53
Car 0.0 0 0.27 417.90 175.58 518.55 216.77 1.62 1.66 3.87 -6.07 1.78 30.77 0.08 0.14
Car 0.0 0 0.27 399.55 177.99 509.11 221.75 1.55 1.64 3.81 -6.03 1.78 27.71 0.06 0.15
Car 0.0 0 -3.03 457.26 176.78 539.49 206.64 1.46 1.67 4.00 -5.95 1.74 38.85 3.10 0.12
Car 0.0 0 -3.02 460.05 177.09 541.31 207.74 1.48 1.67 3.99 -5.79 1.76 38.24 3.11 0.11
Car 0.0 0 -2.93 398.39 179.55 504.51 222.36 1.51 1.62 3.83 -6.14 1.80 27.73 -3.14 0.11
Car 0.0 0 0.62 -72.14 193.67 254.45 358.79 1.49 1.59 4.05 -6.10 1.73 7.49 -0.00 1.41
Car 0.0 0 -2.75 193.47 186.30 406.30 263.25 1.44 1.61 3.83 -6.54 1.78 15.25 3.13 0.55
