Car 0.0 0 -1.73 320.63 185.70 378.02 225.55 1.45 1.58 3.69 -10.47 1.98 28.66 -2.08 3.81
Car 0.0 0 -1.89 425.91 192.05 551.77 264.29 1.39 1.61 3.98 -2.93 1.83 16.15 -2.05 7.60
Car 0.0 0 1.19 942.08 167.29 1091.37 243.42 1.50 1.60 4.02 9.00 1.38 16.42 1.70 2.34
Car 0.0 0 -1.73 303.56 184.15 351.03 219.33 1.52 1.66 4.27 -13.42 2.07 33.95 -2.11 1.40
Car 0.0 0 1.76 110.50 188.17 160.97 220.86 1.50 1.64 3.61 -23.64 2.29 35.97 1.18 1.39
Car 0.0 0 -2.15 568.02 154.49 920.64 338.42 1.80 1.75 4.61 1.18 1.61 9.07 -1.97 4.32
Car 0.0 0 2.91 479.03 171.11 580.33 211.72 1.62 1.68 4.16 -3.54 1.59 30.93 2.80 0.29
Car 0.0 0 -2.11 788.08 166.06 947.02 238.80 1.54 1.58 4.19 5.82 1.39 16.97 -1.77 0.21
Car 0.0 0 -1.39 -75.93 206.68 85.38 305.05 1.38 1.63 3.56 -10.00 1.99 12.16 -2.09 0.63
Car 0.0 0 -0.52 996.22 152.87 1273.13 238.06 1.59 1.67 4.39 10.87 1.24 15.13 0.11 0.10
