Car 0.0 0 -1.70 634.76 183.41 675.27 216.26 1.45 1.63 4.01 2.07 1.98 34.62 -1.63 1.76
Car 0.0 0 -0.44 823.62 185.04 1111.67 286.68 1.54 1.64 4.31 6.02 1.82 12.60 0.02 5.54
Car 0.0 0 2.70 760.28 183.06 941.55 252.83 1.55 1.64 4.00 5.77 1.84 17.56 3.03 3.22
Car 0.0 0 -2.78 189.80 167.01 423.07 260.71 1.82 1.76 4.31 -6.41 1.76 15.44 3.11 2.85
Car 0.0 0 -2.64 37.30 186.18 326.44 290.38 1.45 1.58 3.96 -6.89 1.71 11.58 3.11 3.65
Car 0.0 0 -2.60 -58.84 192.93 305.54 328.87 1.44 1.62 4.17 -6.51 1.73 8.97 3.09 5.06
Car 0.0 0 -2.86 377.55 182.32 496.76 226.83 1.45 1.59 3.88 -6.03 1.80 25.32 -3.09 0.48
Car 0.0 0 -0.27 739.62 185.07 882.82 241.63 1.49 1.66 4.14 5.68 1.86 20.80 0.01 0.70
Car 0.0 0 -3.01 410.86 181.58 516.80 216.72 1.42 1.62 4.18 -6.40 1.84 31.48 3.07 0.35
Car 0.0 0 0.32 255.30 171.88 445.97 247.94 1.71 1.67 4.17 -6.38 1.75 17.76 -0.02 1.24
Car 0.0 0 -0.55 916.62 183.29 1266.43 318.22 1.54 1.61 4.10 6.41 1.76 9.67 0.04 2.12
Car 0.0 0 -0.56 913.73 187.74 1211.13 318.21 1.52 1.59 3.87 6.19 1.77 9.81 -0.00 1.90
Car 0.0 0 -1.68 623.58 179.92 652.86 204.93 1.56 1.66 4.18 1.82 2.07 48.44 -1.65 0.21
Car 0.0 0 -3.07 471.94 182.27 539.90 208.50 1.43 1.63 3.93 -6.11 2.04 42.71 3.07 0.12
Car 0.0 0 -3.05 450.26 182.56 526.79 209.76 1.42 1.59 4.07 -6.89 2.03 40.96 3.07 0.09
Car 0.0 0 0.34 267.01 177.05 441.88 246.92 1.64 1.64 4.16 -6.42 1.79 18.39 0.00 0.56
Car 0.0 0 -0.37 804.07 185.49 1009.58 263.08 1.53 1.58 4.07 6.42 1.85 15.75 0.02 0.51
Car 0.0 0 -3.06 471.11 181.95 540.42 208.36 1.43 1.63 3.97 -6.15 2.02 42.49 3.08 0.09
Car 0.0 0 -0.26 728.84 186.29 882.80 237.72 1.44 1.61 4.32 5.86 1.88 22.17 0.00 0.11
Car 0.0 0 -2.67 58.80 186.08 325.16 290.28 1.46 1.58 3.90 -6.79 1.72 11.74 3.09 0.95
