Car 0.0 0 -1.71 651.98 173.76 707.28 218.04 1.60 1.66 4.03 2.62 1.67 28.50 -1.61 2.83
Car 0.0 0 -1.91 725.65 191.49 914.05 305.74 1.46 1.64 4.33 2.98 1.76 11.42 -1.62 9.01
Car 0.0 0 -2.90 395.96 173.89 510.90 218.53 1.61 1.65 3.99 -6.01 1.69 27.85 -3.11 0.74
Car 0.0 0 -2.76 363.77 177.47 480.54 234.41 1.55 1.60 3.72 -5.56 1.72 21.38 -3.02 0.65
Car 0.0 0 -2.95 432.22 172.03 527.84 210.28 1.71 1.68 3.97 -6.21 1.71 34.53 -3.12 0.35
Car 0.0 0 0.41 298.75 180.20 433.26 237.29 1.44 1.58 3.95 -6.73 1.66 19.96 0.09 0.53
Car 0.0 0 1.13 181.12 176.16 324.41 256.93 1.56 1.61 3.78 -7.96 1.66 16.03 0.67 0.39
Car 0.0 0 -1.94 -45.82 151.97 236.77 324.23 1.89 1.69 4.07 -7.08 1.69 9.43 -2.56 1.23
Car 0.0 0 2.05 252.35 179.40 353.42 223.17 1.47 1.53 3.91 -11.37 1.73 26.62 1.65 0.11
Car 0.0 0 -2.86 383.19 178.22 490.90 224.15 1.52 1.58 3.67 -6.18 1.72 25.64 -3.10 0.20
Car 0.0 0 -2.96 451.51 172.77 535.55 207.40 1.63 1.65 3.86 -5.94 1.68 36.92 -3.12 0.15
Car 0.0 0 1.45 709.09 193.11 795.10 257.81 1.41 1.61 3.63 3.43 1.97 18.12 1.64 0.26
Car 0.0 0 -2.88 398.14 177.97 506.69 220.88 1.53 1.61 3.79 -6.01 1.74 27.54 -3.10 0.13
Car 0.0 0 -2.91 408.09 177.91 509.88 219.18 1.52 1.62 3.86 -6.09 1.75 28.81 -3.12 0.09
Car 0.0 0 -2.95 454.64 173.63 539.24 207.88 1.61 1.64 3.85 -5.80 1.72 37.14 -3.11 0.10
Car 0.0 0 -1.68 650.55 174.77 691.50 210.24 1.58 1.65 4.16 2.90 1.70 35.20 -1.59 0.12
Car 0.0 0 -2.59 189.99 178.88 381.99 262.85 1.55 1.64 3.97 -6.76 1.68 15.01 -3.01 0.27
