Car 0.0 0 1.71 512.81 190.87 568.39 230.98 1.57 1.64 3.83 -2.90 2.35 30.70 1.62 3.43
Car 0.0 0 -1.75 696.01 197.25 767.13 249.20 1.51 1.59 3.70 3.80 2.31 23.31 -1.58 4.80
Car 0.0 0 -1.71 677.68 196.25 729.36 236.94 1.51 1.60 3.73 3.66 2.47 29.19 -1.58 2.73
Car 0.0 0 -1.79 725.14 198.85 832.09 276.52 1.55 1.63 3.69 3.67 2.15 16.44 -1.56 5.24
Car 0.0 0 -1.87 755.05 206.00 926.59 315.79 1.47 1.60 3.78 3.47 2.02 11.70 -1.56 8.71
Car 0.0 0 1.84 387.16 195.38 513.18 293.97 1.61 1.60 3.80 -2.94 2.05 13.96 1.62 3.92
Car 0.0 0 0.97 874.37 209.98 1299.94 395.06 1.48 1.61 3.85 3.53 1.89 6.03 1.55 3.68
Car 0.0 0 -1.68 664.39 194.86 704.12 226.40 1.52 1.64 3.78 3.78 2.69 37.63 -1.57 0.31
Car 0.0 0 1.70 542.75 190.88 576.04 221.13 1.57 1.62 3.95 -2.88 2.65 41.07 1.63 0.19
Car 0.0 0 -1.67 659.46 193.87 701.30 225.12 1.53 1.63 3.80 3.67 2.66 38.14 -1.57 0.15
