Car 0.0 0 2.66 779.78 164.14 1028.05 255.15 1.62 1.63 4.13 5.68 1.52 14.36 3.05 7.38
Car 0.0 0 -2.87 324.71 176.18 464.69 228.67 1.48 1.61 3.92 -6.54 1.62 22.10 3.12 4.20
Car 0.0 0 -2.73 170.10 177.56 379.60 255.38 1.44 1.52 3.82 -6.95 1.59 15.06 3.12 3.04
Car 0.0 0 -3.02 382.80 167.94 508.36 217.56 1.70 1.72 4.31 -6.03 1.55 26.48 3.04 1.74
Car 0.0 0 0.56 69.62 160.58 354.47 277.58 1.71 1.69 4.13 -6.53 1.57 11.83 0.05 3.72
Car 0.0 0 -0.58 951.39 181.23 1247.51 336.21 1.47 1.63 3.93 5.98 1.59 7.78 0.01 4.26
Car 0.0 0 -3.04 451.19 171.55 537.53 201.83 1.54 1.68 4.00 -6.30 1.51 39.29 3.09 0.21
Car 0.0 0 -2.92 367.95 175.51 488.33 219.94 1.48 1.57 3.97 -6.53 1.61 25.78 3.12 0.36
Car 0.0 0 -3.07 469.13 170.73 546.13 200.15 1.54 1.68 3.89 -5.82 1.47 41.09 3.08 0.13
Car 0.0 0 -2.74 160.14 179.62 374.08 259.43 1.45 1.51 3.81 -6.93 1.63 14.66 3.10 0.83
Car 0.0 0 -3.07 468.62 171.73 546.42 200.89 1.52 1.67 3.95 -5.82 1.50 40.68 3.07 0.10
