Car 0.0 0 -1.70 652.50 175.43 704.22 216.41 1.59 1.67 4.16 2.77 1.73 30.51 -1.61 2.50
Car 0.0 0 -1.88 711.46 189.44 864.85 284.86 1.47 1.63 4.29 3.01 1.78 13.31 -1.64 8.32
Car 0.0 0 0.35 330.92 180.50 458.83 234.37 1.47 1.60 3.92 -6.40 1.72 21.51 0.06 0.39
Car 0.0 0 -2.91 371.95 176.93 500.84 228.40 1.52 1.63 3.95 -5.57 1.68 23.14 3.13 0.54
Car 0.0 0 -2.57 39.47 158.18 310.73 291.68 1.90 1.71 4.09 -7.12 1.73 11.68 -3.11 2.78
Car 0.0 0 -2.97 413.83 175.37 519.35 216.61 1.58 1.66 3.97 -5.93 1.72 29.69 3.12 0.26
Car 0.0 0 -2.53 14.51 184.79 265.40 326.08 1.50 1.61 3.92 -6.25 1.65 8.77 -3.11 2.15
Car 0.0 0 -2.69 261.21 178.07 413.81 250.94 1.56 1.61 3.69 -6.53 1.71 17.27 -3.05 0.62
Car 0.0 0 -2.96 428.33 173.69 530.07 212.99 1.66 1.70 4.08 -5.94 1.75 32.74 -3.14 0.18
Car 0.0 0 -2.99 456.17 173.38 537.13 208.73 1.68 1.68 3.94 -5.82 1.76 37.20 3.14 0.14
Car 0.0 0 -2.93 384.84 179.03 507.02 223.60 1.50 1.58 3.89 -5.96 1.76 26.33 3.13 0.10
Car 0.0 0 -2.94 395.40 178.38 507.80 221.35 1.51 1.61 3.86 -6.04 1.75 27.48 3.12 0.08
Car 0.0 0 -2.98 450.44 173.64 542.66 209.13 1.66 1.68 3.97 -5.75 1.76 36.78 -3.14 0.08
Car 0.0 0 -3.04 492.54 175.46 538.70 203.81 1.55 1.61 3.76 -5.57 1.76 42.73 3.12 0.07
Car 0.0 0 -1.67 648.90 175.99 686.58 209.55 1.59 1.65 4.19 2.91 1.78 37.43 -1.59 0.12
