Car 0.0 0 -2.23 731.85 177.23 830.48 219.58 1.48 1.63 3.72 6.44 1.68 27.68 -2.00 3.21
Car 0.0 0 -2.77 237.10 174.47 410.53 243.63 1.61 1.64 3.88 -7.22 1.69 18.31 3.13 2.47
Car 0.0 0 -1.71 628.42 176.86 664.09 204.67 1.44 1.57 3.66 1.94 1.68 40.05 -1.66 1.33
Car 0.0 0 -3.01 409.10 174.31 504.83 209.58 1.52 1.65 4.28 -7.12 1.63 33.52 3.06 0.53
Car 0.0 0 0.71 -18.57 175.07 338.50 336.41 1.49 1.61 4.12 -5.55 1.57 7.79 0.15 3.99
Car 0.0 0 -2.78 256.09 176.02 425.97 241.28 1.57 1.60 3.83 -7.01 1.68 18.83 -3.14 1.03
Car 0.0 0 0.34 325.56 175.37 465.17 230.22 1.55 1.67 3.96 -6.63 1.66 22.07 0.05 0.61
Car 0.0 0 -2.65 42.24 179.72 310.58 275.93 1.46 1.53 3.73 -7.54 1.64 12.36 3.09 0.76
Car 0.0 0 -3.02 423.42 175.10 508.31 206.40 1.48 1.62 4.20 -7.32 1.63 36.84 3.06 0.19
Car 0.0 0 -2.88 362.56 163.31 487.17 219.47 1.81 1.70 4.38 -6.65 1.53 25.58 -3.13 0.11
Car 0.0 0 -3.07 450.55 172.68 522.64 197.85 1.53 1.69 3.96 -8.12 1.60 48.13 3.04 0.10
Car 0.0 0 -3.08 453.98 173.13 526.75 198.38 1.51 1.68 4.03 -7.83 1.60 47.29 3.04 0.09
