Car 0.0 0 1.79 506.51 176.95 556.25 212.39 1.52 1.67 3.83 -3.63 1.73 33.56 1.68 2.93
Car 0.0 0 -1.80 739.39 179.62 841.93 249.43 1.45 1.56 3.67 4.14 1.62 17.18 -1.55 5.92
Car 0.0 0 -1.75 718.40 173.50 790.84 226.19 1.53 1.65 3.83 4.51 1.57 23.15 -1.56 1.57
Car 0.0 0 -1.72 710.70 175.17 765.30 218.12 1.51 1.66 3.80 4.84 1.62 27.91 -1.54 0.30
Car 0.0 0 1.74 536.03 175.94 574.31 204.56 1.53 1.57 3.99 -3.13 1.74 41.52 1.67 0.52
Car 0.0 0 -1.66 687.74 173.40 725.57 204.38 1.51 1.65 3.86 5.08 1.58 38.34 -1.52 0.24
Car 0.0 0 -1.66 693.97 174.01 732.85 206.45 1.50 1.63 3.74 5.11 1.59 36.33 -1.52 0.16
Car 0.0 0 2.17 23.74 195.40 302.83 381.13 1.50 1.62 4.06 -4.53 1.76 6.57 1.62 2.26
Car 0.0 0 -1.69 706.16 175.40 759.61 216.01 1.51 1.64 3.79 4.92 1.62 29.43 -1.52 0.11
Car 0.0 0 -1.71 707.97 175.83 760.39 217.61 1.51 1.63 3.73 4.86 1.66 28.62 -1.54 0.15
Car 0.0 0 -1.95 777.04 162.94 986.29 305.75 1.78 1.68 4.25 3.89 1.64 10.91 -1.59 0.86
