Car 0.0 0 -0.26 724.79 180.89 857.44 230.90 1.47 1.63 3.72 5.66 1.76 22.97 -0.01 4.27
Car 0.0 0 -1.68 636.80 180.22 673.34 209.68 1.39 1.56 3.65 2.23 1.80 36.91 -1.62 1.87
Car 0.0 0 -0.51 894.53 190.30 1185.62 295.12 1.46 1.60 3.68 6.62 1.78 11.48 0.03 7.26
Car 0.0 0 -3.05 407.18 175.41 515.43 214.54 1.47 1.72 4.22 -6.07 1.61 29.40 3.03 1.18
Car 0.0 0 -2.84 232.70 170.66 442.10 248.32 1.65 1.66 4.20 -6.22 1.64 16.74 3.08 2.04
Car 0.0 0 0.48 126.84 172.99 415.09 273.08 1.54 1.60 3.95 -5.89 1.63 12.77 0.04 5.21
Car 0.0 0 -0.47 840.29 181.05 1080.17 275.06 1.56 1.63 3.79 6.42 1.77 13.65 -0.02 6.11
Car 0.0 0 -2.59 -63.86 185.85 309.81 333.68 1.46 1.62 4.16 -6.25 1.68 8.39 3.10 4.72
Car 0.0 0 -2.91 334.64 176.28 479.48 224.84 1.48 1.62 4.23 -6.65 1.63 23.81 3.10 0.56
Car 0.0 0 -2.86 275.69 172.59 456.50 239.33 1.63 1.66 4.34 -6.43 1.65 19.11 3.09 0.82
Car 0.0 0 0.54 0.11 184.63 312.11 302.50 1.45 1.57 3.89 -6.53 1.67 10.22 -0.02 1.08
