Car 0.0 0 -1.76 692.82 186.71 790.18 256.09 1.40 1.62 3.84 2.87 1.74 16.80 -1.58 6.13
Car 0.0 0 -0.30 749.66 175.99 899.47 231.87 1.53 1.67 3.88 6.31 1.66 21.53 -0.01 3.62
Car 0.0 0 0.53 123.33 181.52 389.57 284.98 1.52 1.60 3.77 -5.95 1.73 12.15 0.08 4.63
Car 0.0 0 0.49 204.30 174.21 440.43 266.11 1.59 1.61 3.84 -5.60 1.67 14.18 0.11 4.30
Car 0.0 0 0.40 284.95 177.23 472.96 242.04 1.54 1.64 4.11 -5.93 1.69 18.79 0.09 1.82
Car 0.0 0 -2.44 -40.41 185.36 257.32 323.48 1.45 1.56 3.87 -6.85 1.66 9.03 -3.05 4.86
Car 0.0 0 -2.88 335.80 178.14 486.27 231.48 1.51 1.64 4.26 -6.07 1.70 22.13 3.14 0.45
Car 0.0 0 -2.99 392.98 177.24 507.28 217.54 1.54 1.69 4.14 -6.51 1.76 29.45 3.08 0.28
Car 0.0 0 -0.17 697.00 176.81 742.21 211.00 1.54 1.66 3.93 5.36 1.78 35.75 -0.02 0.17
Car 0.0 0 -1.70 635.44 177.11 665.34 202.04 1.49 1.64 3.84 2.57 1.81 46.75 -1.64 0.32
Car 0.0 0 -2.89 365.25 179.06 494.96 226.60 1.50 1.64 4.01 -6.12 1.74 24.65 -3.14 0.17
Car 0.0 0 -2.99 451.03 179.84 537.12 211.61 1.43 1.65 4.18 -5.64 1.80 34.95 3.13 0.10
Car 0.0 0 -3.02 457.17 179.47 541.31 209.73 1.40 1.63 4.11 -5.50 1.77 36.08 3.11 0.10
Car 0.0 0 -0.17 694.66 177.02 767.66 210.80 1.55 1.67 3.97 6.09 1.81 36.32 -0.00 0.09
Car 0.0 0 -2.93 387.27 178.10 499.52 222.10 1.53 1.65 3.96 -6.38 1.79 27.45 3.13 0.09
Car 0.0 0 -3.04 463.34 179.40 545.00 209.98 1.42 1.64 4.11 -5.34 1.79 36.40 3.10 0.07
