Car 0.0 0 -1.73 675.83 170.98 740.64 220.88 1.55 1.65 4.03 3.25 1.52 24.91 -1.59 4.54
Car 0.0 0 -1.87 735.89 182.64 954.40 319.89 1.47 1.66 4.27 2.84 1.61 9.82 -1.56 12.05
Car 0.0 0 -2.76 358.82 180.01 498.46 231.95 1.40 1.60 3.80 -5.47 1.65 21.77 -3.01 2.34
Car 0.0 0 0.56 92.80 178.34 372.30 281.07 1.47 1.57 3.77 -6.22 1.62 11.88 0.07 2.72
Car 0.0 0 -2.98 461.77 175.33 543.35 207.34 1.48 1.60 3.57 -5.29 1.62 35.32 -3.13 0.53
Car 0.0 0 -2.91 398.92 176.18 509.79 218.35 1.44 1.57 3.77 -5.78 1.59 26.72 -3.13 0.38
Car 0.0 0 -2.97 485.18 174.60 555.94 204.41 1.51 1.65 3.89 -4.84 1.64 38.92 -3.10 0.23
Car 0.0 0 -1.68 664.49 172.42 701.46 201.09 1.44 1.58 3.85 3.96 1.46 39.74 -1.58 0.26
Car 0.0 0 -2.47 -17.42 196.39 297.27 360.72 1.43 1.59 4.17 -5.46 1.61 6.92 -3.05 1.47
Car 0.0 0 -3.02 496.95 174.11 563.22 202.02 1.49 1.66 3.88 -4.54 1.60 41.12 -3.13 0.12
Car 0.0 0 0.96 322.82 181.44 457.17 244.13 1.42 1.56 3.63 -5.59 1.66 18.27 0.67 0.46
Car 0.0 0 -2.91 395.29 177.54 511.49 221.01 1.44 1.59 3.71 -5.65 1.64 25.99 -3.12 0.17
Car 0.0 0 1.00 296.40 180.54 431.99 241.85 1.39 1.58 3.74 -6.16 1.60 18.20 0.67 0.37
Car 0.0 0 -2.96 476.81 175.21 552.77 206.09 1.50 1.62 3.81 -4.96 1.66 37.35 -3.09 0.12
Car 0.0 0 -1.69 672.98 171.49 719.86 210.68 1.58 1.65 4.11 3.74 1.55 31.90 -1.57 0.16
Car 0.0 0 -2.91 407.68 176.42 514.06 218.36 1.44 1.56 3.78 -5.62 1.62 26.85 -3.12 0.12
