Car 0.0 0 -1.67 651.00 180.45 698.78 220.40 1.45 1.61 3.65 2.48 1.77 28.52 -1.58 3.18
Car 0.0 0 1.87 322.91 193.17 469.90 283.47 1.43 1.59 3.92 -3.94 1.84 13.88 1.58 8.63
Car 0.0 0 2.78 788.52 157.42 957.14 223.12 1.82 1.71 4.50 7.70 1.42 21.54 3.13 2.54
Car 0.0 0 1.73 480.54 183.27 516.58 210.09 1.50 1.59 3.90 -6.68 2.16 43.45 1.57 0.93
Car 0.0 0 2.13 45.57 196.80 379.59 375.75 1.46 1.69 4.19 -3.73 1.77 6.68 1.63 5.79
Car 0.0 0 2.97 755.77 164.12 853.65 204.80 1.65 1.66 4.23 8.19 1.33 30.78 -3.05 0.39
Car 0.0 0 1.79 426.27 183.74 489.98 224.57 1.55 1.68 4.35 -6.28 2.02 30.13 1.58 0.91
Car 0.0 0 -2.06 983.14 154.24 1046.01 184.04 1.62 1.73 3.67 23.50 0.59 42.23 -1.55 0.21
Car 0.0 0 2.92 758.70 162.88 865.79 208.97 1.66 1.63 4.20 7.68 1.32 27.67 -3.09 0.15
Car 0.0 0 -2.07 990.54 152.52 1063.55 184.79 1.67 1.76 3.57 23.05 0.60 40.09 -1.55 0.21
Car 0.0 0 -2.09 1012.24 150.47 1083.32 185.66 1.81 1.73 3.69 24.35 0.66 40.16 -1.54 0.14
