Car 0.0 0 1.81 268.18 203.44 397.36 297.72 1.46 1.53 3.63 -5.05 2.07 13.48 1.45 7.37
Car 0.0 0 -1.84 669.72 193.37 836.07 304.72 1.51 1.59 3.72 2.08 1.86 11.81 -1.64 10.04
Car 0.0 0 -1.65 568.25 186.65 615.30 227.38 1.51 1.60 3.63 -0.83 2.09 29.10 -1.68 2.53
Car 0.0 0 -1.77 610.94 181.05 708.77 263.10 1.69 1.60 3.81 1.01 1.92 16.98 -1.70 6.12
Car 0.0 0 2.02 -46.44 208.86 323.25 390.03 1.46 1.64 3.80 -3.95 1.87 6.70 1.44 7.06
Car 0.0 0 -2.07 741.31 193.36 1117.66 384.21 1.47 1.64 4.03 2.57 1.76 6.97 -1.65 7.70
Car 0.0 0 -1.71 585.85 184.11 651.70 241.45 1.58 1.55 3.31 0.14 1.94 21.89 -1.70 2.27
Car 0.0 0 1.70 449.35 186.37 480.71 212.17 1.54 1.56 3.81 -9.31 2.45 46.24 1.50 0.77
Car 0.0 0 -1.64 561.36 185.62 597.23 216.37 1.54 1.63 3.69 -1.76 2.27 39.41 -1.69 0.13
Car 0.0 0 1.71 385.75 181.08 455.11 241.68 1.72 1.59 3.93 -6.02 2.03 23.09 1.46 0.23
