Car 0.0 0 -1.71 666.35 170.43 726.39 216.86 1.57 1.65 4.01 3.08 1.51 26.90 -1.59 3.79
Car 0.0 0 -1.82 710.82 180.05 881.76 290.20 1.47 1.68 4.32 2.76 1.60 11.79 -1.57 11.40
Car 0.0 0 0.96 382.66 179.73 504.80 226.60 1.37 1.61 3.95 -5.45 1.62 23.49 0.74 1.92
Car 0.0 0 -3.01 465.42 175.54 541.91 206.19 1.46 1.60 3.62 -5.43 1.62 36.57 3.13 0.55
Car 0.0 0 0.49 140.02 179.50 394.29 267.75 1.45 1.57 3.89 -6.34 1.63 13.50 0.04 2.35
Car 0.0 0 -2.57 -23.22 189.96 322.74 325.92 1.45 1.59 4.13 -5.84 1.67 8.79 -3.14 3.12
Car 0.0 0 0.52 118.36 179.79 389.42 276.30 1.46 1.59 3.97 -6.11 1.63 12.33 0.07 1.53
Car 0.0 0 0.96 334.50 180.22 473.20 238.14 1.43 1.57 3.65 -5.67 1.64 19.69 0.69 1.12
Car 0.0 0 -2.92 406.71 176.38 511.56 215.61 1.43 1.56 3.73 -5.99 1.60 28.53 -3.12 0.26
Car 0.0 0 -2.99 475.17 174.73 547.84 204.24 1.49 1.64 3.83 -5.29 1.63 38.75 -3.12 0.25
Car 0.0 0 -2.69 227.61 180.76 402.40 252.50 1.44 1.49 3.51 -6.60 1.65 16.13 -3.07 0.33
Car 0.0 0 -1.66 661.33 171.39 700.74 202.78 1.50 1.58 3.73 3.64 1.47 37.73 -1.57 0.13
Car 0.0 0 -3.05 497.22 173.65 560.92 199.88 1.46 1.68 3.94 -4.84 1.56 43.23 3.13 0.10
Car 0.0 0 1.05 264.33 179.26 424.88 239.55 1.42 1.56 3.86 -6.99 1.61 18.81 0.70 0.20
Car 0.0 0 0.53 56.31 185.31 349.04 289.71 1.46 1.59 3.86 -6.38 1.68 11.37 0.01 0.58
