Car 0.0 0 -0.34 637.87 170.95 818.34 238.45 1.51 1.67 3.90 2.81 1.51 17.94 -0.18 6.26
Car 0.0 0 -0.27 587.86 171.78 689.93 212.24 1.54 1.64 3.83 1.10 1.52 29.39 -0.23 2.45
Car 0.0 0 0.42 100.94 176.21 322.70 250.67 1.55 1.67 4.07 -9.13 1.70 16.75 -0.09 4.37
Car 0.0 0 -2.91 165.28 182.61 346.63 238.64 1.40 1.61 4.25 -9.76 1.72 20.00 2.92 2.34
Car 0.0 0 -3.08 247.25 172.01 387.45 218.85 1.68 1.75 4.43 -11.18 1.69 27.68 2.82 0.85
Car 0.0 0 -2.60 -92.96 202.97 208.87 323.21 1.41 1.59 3.77 -7.80 1.86 9.94 3.03 3.14
Car 0.0 0 -2.67 -36.18 191.29 221.09 288.81 1.43 1.55 3.54 -8.64 1.78 12.16 2.99 3.30
Car 0.0 0 -3.00 232.32 176.96 373.35 225.15 1.49 1.62 3.93 -10.24 1.66 24.08 2.88 0.23
Car 0.0 0 -0.52 578.15 172.84 659.83 205.09 1.47 1.59 3.94 0.42 1.54 36.44 -0.51 0.19
Car 0.0 0 -3.01 277.84 172.16 389.80 212.56 1.65 1.70 4.39 -12.01 1.65 31.60 2.91 0.11
