Car 0.0 0 -0.28 730.38 177.77 837.67 221.48 1.47 1.65 4.10 6.27 1.69 26.50 -0.04 0.90
Car 0.0 0 -0.14 685.40 173.30 766.19 205.98 1.55 1.66 3.75 5.80 1.60 36.49 0.02 1.13
Car 0.0 0 -1.92 723.25 188.39 971.59 336.26 1.44 1.63 4.04 2.61 1.65 9.09 -1.61 9.32
Car 0.0 0 0.57 36.28 170.83 380.25 288.96 1.51 1.63 4.08 -5.90 1.56 10.59 0.06 4.50
Car 0.0 0 -2.78 317.99 172.20 465.54 228.37 1.50 1.56 3.72 -6.33 1.52 20.90 -3.08 1.47
Car 0.0 0 1.08 829.33 183.39 1031.21 277.09 1.52 1.57 3.99 5.75 1.71 13.58 1.50 1.77
Car 0.0 0 -2.84 353.12 172.01 496.27 222.25 1.50 1.62 3.98 -6.00 1.51 23.36 -3.09 1.45
Car 0.0 0 -2.93 405.79 169.86 523.10 213.47 1.58 1.66 4.11 -5.66 1.51 28.06 -3.12 0.77
Car 0.0 0 0.51 165.64 157.04 433.83 260.51 1.65 1.64 4.05 -5.56 1.43 12.96 0.11 1.52
Car 0.0 0 -2.97 427.94 170.28 528.54 207.80 1.57 1.66 4.16 -5.87 1.49 32.35 3.13 0.16
Car 0.0 0 0.18 470.00 171.11 550.23 198.06 1.47 1.70 4.26 -5.84 1.42 42.38 0.04 0.18
Car 0.0 0 -2.80 256.31 168.92 434.07 244.52 1.54 1.56 3.81 -6.00 1.49 16.38 3.13 0.55
Car 0.0 0 -0.34 745.39 181.80 846.91 227.83 1.41 1.56 3.76 6.13 1.69 24.22 -0.09 0.14
Car 0.0 0 -2.77 132.82 169.40 416.27 262.43 1.50 1.58 4.03 -6.07 1.50 13.18 3.08 0.98
