Car 0.0 0 1.81 421.96 183.59 507.66 239.67 1.53 1.69 3.94 -4.35 1.88 22.09 1.61 6.05
Car 0.0 0 -1.73 711.81 179.03 781.00 231.81 1.50 1.59 3.69 4.16 1.70 22.62 -1.54 5.28
Car 0.0 0 -1.79 737.20 181.64 840.61 255.59 1.48 1.58 3.65 3.94 1.69 16.48 -1.55 8.17
Car 0.0 0 -1.93 776.45 181.03 971.58 298.71 1.54 1.60 3.73 3.91 1.66 11.32 -1.58 10.30
Car 0.0 0 -1.71 694.87 177.50 750.40 220.00 1.51 1.69 4.06 4.29 1.72 28.12 -1.55 1.74
Car 0.0 0 1.76 471.06 182.79 532.78 225.41 1.49 1.56 3.74 -4.14 1.91 28.07 1.61 2.31
Car 0.0 0 1.73 502.17 181.81 550.72 215.16 1.46 1.65 4.11 -4.00 1.92 34.74 1.62 1.24
Car 0.0 0 -2.12 948.44 174.03 1025.21 205.58 1.47 1.49 3.70 18.96 1.57 36.52 -1.64 0.38
Car 0.0 0 1.74 553.38 177.74 584.94 201.54 1.59 1.64 3.85 -2.88 1.97 51.41 1.68 0.55
Car 0.0 0 0.95 1013.79 174.24 1121.35 212.80 1.48 1.50 3.70 18.71 1.55 29.79 1.52 0.29
Car 0.0 0 -1.65 682.93 176.38 723.33 208.00 1.52 1.63 3.74 4.77 1.73 37.47 -1.52 0.14
Car 0.0 0 -1.73 726.75 180.63 797.91 238.03 1.51 1.58 3.62 4.36 1.75 21.27 -1.52 0.21
