Car 0.0 0 -1.66 636.75 181.14 667.90 207.64 1.40 1.59 3.75 2.37 1.90 41.28 -1.60 1.14
Car 0.0 0 2.81 747.18 182.22 856.00 234.08 1.47 1.54 3.60 5.74 1.77 22.15 3.07 0.84
Car 0.0 0 -1.86 739.14 185.26 944.28 327.09 1.51 1.63 3.67 2.76 1.70 9.62 -1.55 8.42
Car 0.0 0 -0.55 822.52 174.10 1029.69 258.59 1.65 1.68 4.23 6.76 1.70 15.59 -0.14 3.35
Car 0.0 0 0.35 337.33 174.01 488.73 230.28 1.69 1.72 4.36 -6.37 1.78 23.37 0.08 1.24
Car 0.0 0 -2.83 217.55 182.19 431.11 252.58 1.46 1.60 4.17 -6.46 1.71 16.57 3.08 2.51
Car 0.0 0 0.56 73.97 177.01 395.57 285.64 1.53 1.61 3.98 -6.13 1.66 11.69 0.08 3.95
Car 0.0 0 -0.16 710.83 178.01 820.30 220.19 1.54 1.69 4.35 6.05 1.76 28.48 0.06 0.46
Car 0.0 0 0.69 -60.15 186.77 291.58 366.89 1.48 1.64 4.09 -5.55 1.65 7.01 0.09 3.32
Car 0.0 0 -2.70 102.62 179.12 395.04 282.57 1.50 1.60 4.04 -5.88 1.65 11.90 3.12 2.33
Car 0.0 0 -2.80 301.88 178.54 458.37 237.50 1.57 1.60 3.78 -6.64 1.76 20.85 -3.10 0.37
Car 0.0 0 0.58 21.52 176.44 336.30 310.22 1.55 1.56 3.82 -5.88 1.63 9.40 0.04 1.36
Car 0.0 0 -2.78 168.04 181.91 408.02 261.60 1.48 1.59 3.98 -6.47 1.69 14.72 3.08 1.04
Car 0.0 0 -3.03 435.98 179.64 527.67 210.53 1.37 1.62 4.14 -6.12 1.73 34.57 3.07 0.15
Car 0.0 0 -2.94 400.57 181.01 510.45 219.54 1.42 1.59 3.97 -6.16 1.78 28.81 3.13 0.22
Car 0.0 0 0.22 471.53 179.35 540.61 204.96 1.41 1.61 3.91 -6.19 1.85 43.23 0.08 0.11
Car 0.0 0 -0.16 722.90 181.91 842.97 226.70 1.45 1.65 4.13 5.95 1.81 25.30 0.08 0.14
Car 0.0 0 0.55 7.87 178.02 313.17 309.94 1.53 1.56 3.78 -5.98 1.62 9.44 -0.01 0.68
