Car 0.0 0 -1.75 696.20 176.08 790.74 241.45 1.57 1.65 4.00 3.44 1.68 19.42 -1.57 6.43
Car 0.0 0 1.91 270.46 195.19 410.26 270.12 1.49 1.68 4.25 -6.17 2.03 16.90 1.56 7.57
Car 0.0 0 1.84 388.59 190.07 474.14 238.86 1.47 1.69 4.14 -5.91 2.07 24.29 1.60 4.36
Car 0.0 0 -1.68 660.51 178.16 708.63 213.11 1.52 1.65 3.84 3.40 1.79 33.76 -1.57 1.60
Car 0.0 0 -1.71 677.35 175.80 745.30 226.62 1.60 1.66 3.92 3.38 1.71 24.92 -1.57 2.81
Car 0.0 0 2.06 52.82 205.99 309.91 335.87 1.49 1.57 3.89 -6.01 2.01 10.60 1.52 8.94
Car 0.0 0 2.49 1007.13 133.30 1281.57 233.60 1.67 1.67 4.05 9.99 1.04 13.47 3.13 4.90
Car 0.0 0 1.77 440.21 186.22 498.51 225.98 1.53 1.63 3.92 -5.92 2.12 30.61 1.58 1.16
Car 0.0 0 1.75 487.64 185.36 528.62 212.56 1.48 1.53 3.73 -5.96 2.25 42.43 1.61 0.55
Car 0.0 0 -1.67 651.68 177.61 683.36 206.52 1.55 1.63 3.73 3.32 1.88 42.39 -1.59 0.09
Car 0.0 0 2.77 855.89 156.08 994.58 214.04 1.70 1.69 3.76 9.54 1.21 22.22 -3.10 0.20
Car 0.0 0 -1.68 685.60 177.60 755.78 230.95 1.57 1.62 3.95 3.51 1.74 23.50 -1.53 0.19
Car 0.0 0 -0.43 970.78 141.81 1185.89 224.96 1.68 1.62 3.81 10.19 1.07 15.80 0.15 0.23
