Car 0.0 0 -2.28 777.47 175.72 929.98 235.42 1.50 1.65 3.90 6.68 1.61 20.19 -1.96 4.25
Car 0.0 0 -2.96 346.23 176.39 473.00 220.03 1.47 1.62 4.12 -7.32 1.65 26.28 3.05 1.76
Car 0.0 0 -1.73 632.54 176.07 681.28 211.12 1.46 1.62 3.84 2.01 1.62 32.49 -1.67 2.14
Car 0.0 0 -3.00 376.85 175.57 487.78 212.87 1.49 1.62 4.17 -7.56 1.64 31.02 3.05 0.33
Car 0.0 0 -2.52 -33.29 175.59 275.21 302.51 1.59 1.62 3.76 -7.27 1.66 10.46 -3.11 5.07
Car 0.0 0 -1.67 614.17 174.16 648.05 201.97 1.47 1.59 3.72 1.12 1.59 41.33 -1.64 0.62
Car 0.0 0 -2.64 77.06 180.33 348.70 274.97 1.49 1.58 3.88 -7.05 1.67 12.83 -3.14 2.43
Car 0.0 0 -2.99 379.08 176.77 484.94 214.79 1.49 1.59 4.07 -7.56 1.70 30.75 3.06 0.23
Car 0.0 0 -2.84 249.21 164.08 429.76 241.49 1.78 1.70 4.26 -6.78 1.60 18.10 3.08 0.63
Car 0.0 0 -3.03 427.65 174.77 513.11 202.84 1.50 1.68 4.16 -8.00 1.66 41.66 3.06 0.17
Car 0.0 0 -2.77 150.37 154.56 408.13 261.06 1.90 1.77 4.46 -6.46 1.60 14.23 3.08 1.43
Car 0.0 0 -2.99 379.23 176.57 482.86 214.28 1.49 1.60 4.13 -7.76 1.72 31.34 3.05 0.09
Car 0.0 0 -2.97 360.67 176.42 477.16 218.80 1.50 1.62 4.12 -7.32 1.67 27.73 3.05 0.17
Car 0.0 0 -3.04 448.20 173.40 522.36 201.58 1.53 1.68 4.17 -7.33 1.61 42.32 3.07 0.10
Car 0.0 0 -2.78 170.54 178.16 397.20 259.34 1.51 1.58 4.06 -6.71 1.67 14.97 3.08 0.78
