Car 0.0 0 -1.75 715.62 181.20 810.93 253.16 1.49 1.62 3.82 3.47 1.71 17.10 -1.54 7.71
Car 0.0 0 -1.68 681.01 181.42 717.82 212.29 1.35 1.52 3.40 4.20 1.79 34.50 -1.55 1.87
Car 0.0 0 -1.73 699.16 176.42 768.51 233.30 1.61 1.65 3.86 3.77 1.75 22.79 -1.56 3.93
Car 0.0 0 -2.80 329.74 180.80 483.94 233.86 1.48 1.66 4.14 -6.12 1.76 21.85 -3.08 2.64
Car 0.0 0 -2.81 402.06 179.18 516.94 223.07 1.51 1.57 3.40 -5.54 1.77 26.55 -3.01 1.40
Car 0.0 0 0.49 197.50 181.78 447.32 266.09 1.47 1.62 4.18 -5.63 1.71 14.34 0.11 3.98
Car 0.0 0 -2.91 435.16 178.81 545.13 219.39 1.52 1.66 3.87 -4.78 1.79 28.81 -3.07 0.62
Car 0.0 0 -2.95 472.11 177.82 562.28 213.30 1.54 1.68 4.09 -4.33 1.81 33.67 -3.08 0.17
Car 0.0 0 -2.60 73.70 181.20 325.20 296.68 1.49 1.59 3.70 -6.15 1.63 10.60 -3.12 0.78
Car 0.0 0 -3.02 494.36 178.38 572.79 208.33 1.48 1.68 4.25 -4.08 1.82 38.54 -3.12 0.08
Car 0.0 0 -2.93 468.08 179.08 559.67 215.38 1.52 1.67 4.04 -4.36 1.85 32.83 -3.06 0.10
Car 0.0 0 -2.85 384.43 181.75 506.48 227.59 1.47 1.58 3.80 -5.74 1.80 25.03 -3.07 0.14
Car 0.0 0 -2.82 416.54 179.79 522.93 222.89 1.51 1.58 3.53 -5.36 1.80 27.12 -3.02 0.15
