Car 0.0 0 -1.79 681.27 183.14 789.77 256.90 1.40 1.60 3.84 2.61 1.65 16.11 -1.62 6.50
Car 0.0 0 -1.71 657.00 173.82 719.75 225.06 1.58 1.59 3.70 2.54 1.64 24.50 -1.60 2.88
Car 0.0 0 -1.83 716.44 170.50 914.66 315.35 1.72 1.72 4.29 2.73 1.73 10.72 -1.56 8.72
Car 0.0 0 -2.60 24.03 189.88 338.65 308.84 1.48 1.60 3.91 -6.26 1.76 10.52 -3.14 5.42
Car 0.0 0 -2.81 341.71 183.08 477.66 240.59 1.47 1.60 3.78 -5.67 1.78 20.40 -3.08 1.32
Car 0.0 0 -1.63 641.38 178.24 672.54 205.91 1.41 1.52 3.36 2.53 1.73 39.49 -1.57 1.03
Car 0.0 0 -2.66 138.21 190.57 384.31 276.46 1.39 1.56 3.94 -6.49 1.77 13.47 -3.11 2.40
Car 0.0 0 0.65 -60.34 197.03 271.30 352.58 1.47 1.62 4.11 -6.37 1.80 8.08 0.04 3.61
Car 0.0 0 -2.95 444.95 178.14 533.59 210.10 1.46 1.65 4.18 -5.97 1.77 35.71 -3.12 0.22
Car 0.0 0 0.93 381.15 179.65 500.19 225.02 1.51 1.60 3.75 -6.20 1.80 26.23 0.70 0.25
Car 0.0 0 -2.67 204.97 188.37 383.88 266.15 1.42 1.54 3.67 -6.66 1.78 15.17 -3.08 0.82
Car 0.0 0 -3.02 455.01 176.73 539.87 206.55 1.50 1.69 4.13 -6.11 1.77 39.55 3.11 0.15
Car 0.0 0 0.25 429.77 176.63 527.86 213.83 1.57 1.67 4.21 -6.01 1.77 32.81 0.07 0.22
Car 0.0 0 -2.88 387.77 178.05 505.50 223.73 1.57 1.61 3.80 -6.07 1.80 26.79 -3.10 0.19
Car 0.0 0 -3.00 457.06 177.08 540.92 207.43 1.49 1.68 4.09 -5.93 1.76 38.70 3.13 0.13
Car 0.0 0 -2.10 272.29 184.48 428.07 246.10 1.44 1.57 3.86 -6.80 1.76 18.72 -2.44 0.35
Car 0.0 0 -2.88 391.41 179.42 501.62 224.41 1.54 1.60 3.81 -6.15 1.83 26.91 -3.10 0.14
