Car 0.0 0 -1.85 711.81 184.16 851.05 282.00 1.47 1.61 3.61 2.83 1.70 12.86 -1.62 6.16
Car 0.0 0 -2.77 240.94 174.81 430.99 246.53 1.54 1.65 3.86 -6.30 1.62 16.89 -3.13 3.60
Car 0.0 0 2.77 696.75 176.49 818.13 221.51 1.55 1.66 4.20 5.33 1.73 26.64 2.97 1.42
Car 0.0 0 2.76 764.93 185.71 912.88 240.90 1.44 1.60 3.76 6.36 1.82 20.49 3.07 2.50
Car 0.0 0 0.45 120.69 167.09 387.36 275.33 1.65 1.63 3.90 -5.97 1.62 12.27 -0.01 3.48
Car 0.0 0 -3.10 457.19 174.54 538.02 205.03 1.49 1.67 3.95 -5.93 1.62 37.96 3.03 0.61
Car 0.0 0 -3.02 429.55 176.48 518.93 208.62 1.45 1.62 3.82 -6.59 1.66 34.80 3.08 0.47
Car 0.0 0 -2.55 -80.99 182.03 245.09 343.32 1.49 1.62 3.91 -6.11 1.61 7.70 3.10 2.47
Car 0.0 0 0.32 334.01 173.36 496.33 235.49 1.61 1.67 4.24 -5.47 1.63 20.14 0.06 0.51
Car 0.0 0 -3.06 457.20 174.01 537.84 203.75 1.53 1.68 4.10 -6.20 1.65 40.06 3.07 0.11
Car 0.0 0 0.56 20.25 172.85 369.65 297.93 1.54 1.63 3.88 -6.02 1.62 10.33 0.04 1.50
Car 0.0 0 0.30 355.05 175.04 494.45 232.03 1.52 1.59 3.99 -5.43 1.60 20.99 0.05 0.19
Car 0.0 0 -2.96 384.21 176.54 498.99 220.76 1.48 1.52 3.64 -6.11 1.65 25.93 3.10 0.09
Car 0.0 0 0.55 41.32 173.53 368.24 296.19 1.52 1.63 3.83 -5.88 1.61 10.38 0.04 1.19
Car 0.0 0 -0.36 720.39 180.46 836.51 231.74 1.52 1.60 3.86 5.24 1.73 23.08 -0.13 0.16
