Car 0.0 0 -1.75 660.56 176.55 731.32 235.80 1.64 1.63 3.83 2.49 1.78 22.17 -1.63 4.23
Car 0.0 0 -1.84 709.36 188.27 874.88 297.24 1.46 1.60 3.68 2.72 1.73 11.73 -1.60 11.76
Car 0.0 0 -3.01 335.62 182.58 481.45 230.44 1.50 1.64 4.29 -6.81 1.86 24.53 3.01 1.57
Car 0.0 0 -3.01 413.91 182.00 507.12 217.28 1.44 1.64 3.80 -6.54 1.86 31.44 3.07 0.70
Car 0.0 0 0.64 -24.42 180.76 326.65 308.99 1.49 1.67 4.07 -6.75 1.68 10.12 0.07 6.50
Car 0.0 0 -2.76 187.48 167.96 422.85 263.86 1.81 1.76 4.24 -6.19 1.75 14.91 3.13 3.02
Car 0.0 0 0.37 294.51 183.00 465.25 242.66 1.53 1.61 4.19 -6.42 1.86 20.32 0.06 1.13
Car 0.0 0 -1.71 649.79 179.93 705.69 223.19 1.49 1.63 3.81 2.46 1.79 27.43 -1.62 0.48
Car 0.0 0 -1.67 637.58 179.30 672.79 209.48 1.43 1.61 3.74 2.26 1.80 37.33 -1.60 0.18
Car 0.0 0 0.35 271.44 177.24 450.62 249.48 1.63 1.63 3.95 -6.20 1.79 17.96 0.02 0.74
Car 0.0 0 -3.00 442.19 178.51 528.75 212.64 1.54 1.64 3.82 -6.05 1.85 35.02 3.11 0.14
Car 0.0 0 -1.67 637.79 179.50 674.48 210.89 1.45 1.60 3.74 2.23 1.79 36.16 -1.61 0.13
Car 0.0 0 0.17 466.85 178.34 541.71 205.80 1.53 1.66 3.84 -6.42 1.93 44.26 0.02 0.08
