Car 0.0 0 2.01 185.03 196.42 361.26 290.86 1.49 1.59 3.83 -6.31 1.98 13.88 1.57 8.98
Car 0.0 0 -1.74 676.53 180.78 752.92 238.96 1.46 1.62 3.63 2.78 1.70 20.27 -1.59 5.70
Car 0.0 0 1.77 461.99 183.84 508.02 215.52 1.47 1.64 3.84 -6.26 2.05 36.34 1.60 2.14
Car 0.0 0 1.86 377.49 183.29 470.61 236.95 1.60 1.69 4.40 -6.15 1.98 24.35 1.61 2.25
Car 0.0 0 2.57 906.88 155.44 1224.71 251.60 1.55 1.65 4.40 8.22 1.33 13.27 3.14 4.92
Car 0.0 0 2.78 803.12 161.84 968.28 215.72 1.63 1.66 4.35 8.66 1.31 23.10 3.14 1.51
Car 0.0 0 -2.19 1169.71 142.88 1264.76 189.15 1.67 1.66 3.15 23.64 0.57 28.05 -1.49 0.22
Car 0.0 0 -0.32 824.36 161.35 996.79 217.33 1.61 1.65 4.34 8.94 1.27 21.88 0.08 0.22
Car 0.0 0 1.72 490.13 181.02 523.72 208.54 1.55 1.65 4.04 -6.33 2.11 44.52 1.58 0.19
Car 0.0 0 1.71 485.40 181.93 520.63 208.65 1.49 1.65 4.13 -6.44 2.08 43.66 1.57 0.21
Car 0.0 0 2.68 883.47 148.14 1114.45 234.30 1.74 1.68 4.47 8.41 1.26 15.64 -3.11 0.35
Car 0.0 0 1.87 357.21 194.55 438.56 246.47 1.38 1.55 3.71 -6.50 2.11 22.20 1.58 0.12
