Car 0.0 0 1.33 477.90 183.61 555.74 231.87 1.47 1.62 4.09 -3.30 1.84 24.32 1.21 1.84
Car 0.0 0 2.73 43.23 184.79 150.90 227.00 1.54 1.71 4.49 -20.39 2.06 28.87 2.11 0.55
Car 0.0 0 -2.03 -24.46 204.70 143.04 273.38 1.43 1.57 3.80 -13.24 2.22 17.29 -2.68 1.81
Car 0.0 0 1.53 406.03 182.93 465.71 231.83 1.59 1.67 3.77 -6.21 1.97 25.76 1.30 0.44
Car 0.0 0 -2.05 144.20 173.42 405.09 293.48 1.76 1.76 4.60 -5.73 1.77 12.49 -2.48 1.01
Car 0.0 0 -2.05 193.95 173.34 416.26 295.23 1.78 1.76 4.58 -5.56 1.82 12.61 -2.45 0.99
Car 0.0 0 -1.77 289.94 177.13 413.78 259.84 1.69 1.74 4.37 -6.21 1.84 17.09 -2.11 0.39
Car 0.0 0 -2.09 156.44 172.48 412.83 293.47 1.77 1.75 4.56 -5.75 1.76 12.45 -2.51 0.91
Car 0.0 0 -2.15 1182.97 181.09 1261.13 215.15 1.52 1.67 3.91 30.83 2.02 36.42 -1.44 0.04
Car 0.0 0 -2.18 1022.39 174.70 1118.29 214.89 1.49 1.71 4.15 18.60 1.62 29.31 -1.61 0.08
