Car 0.0 0 -1.76 665.23 175.43 752.25 243.54 1.68 1.70 4.14 2.57 1.78 19.99 -1.63 4.72
Car 0.0 0 -1.69 651.96 182.35 703.81 223.16 1.42 1.63 3.81 2.50 1.81 27.68 -1.60 1.58
Car 0.0 0 -2.77 192.28 183.20 420.78 262.54 1.51 1.59 3.91 -6.33 1.77 15.27 3.11 2.88
Car 0.0 0 -2.86 338.45 175.21 486.88 231.23 1.67 1.70 4.19 -6.29 1.78 23.06 -3.13 0.79
Car 0.0 0 -2.86 305.64 178.37 467.11 241.59 1.60 1.63 4.03 -6.16 1.79 19.89 3.13 0.85
Car 0.0 0 -1.66 635.30 181.25 665.74 206.83 1.44 1.56 3.61 2.39 1.98 43.76 -1.60 0.51
Car 0.0 0 -2.85 270.31 183.96 455.92 249.25 1.49 1.61 4.09 -6.17 1.79 18.10 3.10 1.84
Car 0.0 0 -2.90 390.90 176.51 508.39 224.10 1.61 1.67 4.05 -5.85 1.78 26.34 -3.12 0.27
Car 0.0 0 -3.02 433.83 178.20 526.09 211.13 1.55 1.67 4.05 -6.62 1.87 36.91 3.09 0.10
Car 0.0 0 -3.04 475.98 175.53 539.51 204.66 1.63 1.69 3.93 -6.19 1.84 43.88 3.10 0.08
Car 0.0 0 -1.71 651.50 181.04 705.79 225.27 1.51 1.57 3.68 2.52 1.84 27.41 -1.61 0.14
Car 0.0 0 -2.96 404.55 179.22 508.61 222.35 1.51 1.62 3.98 -5.94 1.81 27.70 3.11 0.07
Car 0.0 0 -3.04 476.85 175.71 543.24 204.95 1.62 1.67 3.94 -6.05 1.85 43.57 3.10 0.06
Car 0.0 0 -2.91 366.62 178.35 498.45 229.04 1.59 1.66 4.05 -6.01 1.81 24.53 3.13 0.14
Car 0.0 0 -2.71 129.73 187.91 395.04 285.44 1.53 1.58 3.83 -6.10 1.83 12.84 3.12 0.32
