Car 0.0 0 -0.33 773.38 197.40 916.41 253.73 1.47 1.64 3.86 6.57 2.19 20.57 -0.02 4.70
Car 0.0 0 -0.19 704.75 192.35 789.85 228.53 1.49 1.69 3.76 5.98 2.38 31.86 -0.00 1.69
Car 0.0 0 2.60 813.95 194.35 1080.09 288.61 1.49 1.68 4.22 5.93 1.95 13.12 3.04 5.70
Car 0.0 0 -2.75 205.48 187.69 420.35 264.35 1.50 1.63 3.83 -6.35 1.86 15.55 -3.14 4.42
Car 0.0 0 -0.28 755.30 192.61 889.08 245.82 1.56 1.66 4.02 6.64 2.21 23.03 0.01 2.24
Car 0.0 0 0.33 348.66 187.24 501.61 241.62 1.52 1.63 4.13 -5.57 1.99 21.90 0.08 2.08
Car 0.0 0 -2.78 285.40 187.93 468.95 254.04 1.51 1.59 3.93 -5.79 1.92 18.12 -3.09 2.51
Car 0.0 0 0.22 449.72 186.42 545.94 218.14 1.48 1.69 4.41 -5.65 2.18 36.08 0.06 0.46
Car 0.0 0 -2.92 390.28 184.19 513.98 231.28 1.62 1.64 4.18 -5.80 2.06 26.54 -3.14 0.38
Car 0.0 0 -1.68 637.68 191.23 668.09 215.99 1.44 1.59 3.67 2.64 2.63 45.60 -1.62 0.52
Car 0.0 0 -2.89 395.64 184.85 510.66 230.62 1.55 1.59 4.11 -5.80 2.02 26.36 -3.10 0.12
