Car 0.0 0 -1.81 694.47 187.74 794.09 255.67 1.39 1.58 3.69 2.98 1.77 17.01 -1.63 6.47
Car 0.0 0 2.82 743.78 184.15 865.23 228.45 1.46 1.63 4.02 6.76 1.89 25.55 3.08 3.02
Car 0.0 0 -2.83 308.24 173.66 468.43 233.87 1.57 1.63 3.91 -6.22 1.62 20.28 -3.13 1.18
Car 0.0 0 0.44 205.80 168.21 435.60 260.95 1.64 1.65 3.86 -5.72 1.63 14.44 0.06 3.62
Car 0.0 0 -2.68 69.31 180.66 341.25 283.35 1.50 1.54 3.69 -6.52 1.67 11.80 3.09 2.14
Car 0.0 0 0.62 -23.36 178.29 333.16 309.25 1.50 1.62 4.08 -6.16 1.63 9.78 0.06 4.98
Car 0.0 0 0.20 392.00 177.21 514.95 224.65 1.43 1.63 4.08 -5.15 1.60 23.68 -0.01 0.89
Car 0.0 0 -3.05 455.81 176.42 533.08 204.60 1.46 1.60 3.72 -6.43 1.70 40.09 3.08 0.37
Car 0.0 0 -3.07 465.90 174.56 546.11 203.43 1.53 1.66 3.89 -5.93 1.67 41.34 3.08 0.14
Car 0.0 0 0.32 259.29 173.07 443.75 250.06 1.59 1.59 3.76 -5.91 1.65 16.50 -0.02 0.49
Car 0.0 0 -2.83 329.72 174.75 476.29 229.79 1.53 1.62 3.85 -6.09 1.60 21.36 -3.11 0.25
Car 0.0 0 -0.15 699.92 179.52 796.93 214.43 1.49 1.64 4.14 6.31 1.82 33.04 0.04 0.09
