Car 0.0 0 -1.91 744.89 174.93 979.53 321.49 1.56 1.69 4.11 3.02 1.61 9.77 -1.57 11.95
Car 0.0 0 2.07 106.94 198.14 344.04 314.20 1.45 1.57 3.90 -5.88 1.89 11.52 1.58 7.84
Car 0.0 0 1.85 336.43 175.70 447.03 247.36 1.75 1.74 4.41 -5.93 1.85 19.96 1.55 4.37
Car 0.0 0 1.81 406.93 177.89 480.91 227.34 1.61 1.68 4.13 -5.98 1.82 26.24 1.58 2.58
Car 0.0 0 -1.75 716.77 178.26 834.44 259.08 1.48 1.59 3.43 3.33 1.59 15.23 -1.52 2.21
Car 0.0 0 1.76 467.54 180.46 514.70 213.65 1.47 1.55 3.85 -5.77 1.87 35.08 1.60 0.48
Car 0.0 0 1.74 468.53 180.93 514.11 213.13 1.46 1.56 3.86 -5.89 1.89 36.00 1.58 0.36
Car 0.0 0 -0.17 903.15 158.61 1012.51 199.01 1.64 1.71 4.52 15.20 1.10 31.67 0.28 0.21
Car 0.0 0 2.94 690.27 165.33 761.23 191.64 1.68 1.73 4.71 7.80 1.25 48.87 3.10 0.24
Car 0.0 0 1.68 545.07 176.95 576.46 201.04 1.52 1.66 4.19 -3.36 1.84 49.16 1.61 0.36
