Car 0.0 0 2.52 872.40 153.88 1241.46 301.95 1.62 1.63 4.13 5.83 1.49 9.29 3.07 6.15
Car 0.0 0 -2.70 221.37 175.07 425.85 249.17 1.47 1.62 3.92 -6.31 1.56 15.99 -3.08 5.54
Car 0.0 0 -2.93 316.44 164.95 484.88 229.95 1.75 1.72 4.31 -6.10 1.57 21.00 3.08 2.94
Car 0.0 0 -3.04 433.62 171.71 514.36 204.70 1.48 1.58 3.47 -6.55 1.46 34.46 3.05 0.73
Car 0.0 0 -2.55 -43.62 182.16 240.79 314.93 1.43 1.57 3.95 -6.89 1.59 9.01 3.12 2.76
Car 0.0 0 -3.02 454.68 172.22 532.46 203.38 1.49 1.61 3.79 -5.95 1.49 36.81 3.10 0.27
Car 0.0 0 -3.06 461.92 172.06 540.67 202.45 1.51 1.65 3.98 -5.79 1.50 38.61 3.08 0.12
Car 0.0 0 -2.90 364.90 167.59 496.45 220.37 1.70 1.65 4.24 -6.34 1.54 25.25 3.14 0.22
Car 0.0 0 -2.80 303.98 175.32 449.62 234.46 1.48 1.55 3.41 -6.37 1.54 19.59 -3.11 0.36
Car 0.0 0 -2.93 352.68 168.73 494.22 221.50 1.66 1.63 4.17 -6.32 1.55 24.46 3.10 0.17
