Car 0.0 0 -0.29 680.49 187.61 855.19 250.02 1.46 1.67 4.00 3.94 1.87 18.54 -0.07 5.10
Car 0.0 0 -2.86 231.79 176.65 397.34 237.79 1.57 1.68 4.05 -8.23 1.72 20.26 3.03 4.28
Car 0.0 0 -0.52 815.83 194.32 1231.46 348.47 1.47 1.73 3.98 4.57 1.74 8.10 0.01 7.48
Car 0.0 0 -2.68 -19.93 177.81 291.51 277.48 1.48 1.61 4.08 -7.88 1.61 12.10 3.02 3.97
Car 0.0 0 -0.29 668.11 188.80 796.92 240.28 1.45 1.57 3.84 3.64 1.96 22.28 -0.12 0.97
Car 0.0 0 0.46 83.73 177.19 320.65 259.41 1.48 1.56 4.22 -8.08 1.60 14.51 -0.06 1.57
Car 0.0 0 -2.93 266.51 175.41 406.04 227.85 1.58 1.65 4.03 -8.99 1.69 23.61 2.99 0.53
Car 0.0 0 -2.96 276.27 173.71 408.82 226.26 1.62 1.67 4.08 -8.95 1.68 24.24 2.97 0.39
Car 0.0 0 0.62 -74.82 163.00 216.84 305.50 1.58 1.64 4.11 -7.48 1.49 9.08 -0.02 1.49
Car 0.0 0 -1.68 464.65 178.05 494.89 202.52 1.56 1.66 3.80 -9.05 1.96 49.79 -1.85 0.21
