Car 0.0 0 -1.70 640.61 181.29 690.62 221.56 1.42 1.58 3.81 2.04 1.77 27.87 -1.62 3.20
Car 0.0 0 -0.32 789.64 182.76 1033.21 270.05 1.47 1.68 3.88 5.53 1.70 13.76 0.08 7.31
Car 0.0 0 0.36 315.95 178.62 475.94 234.02 1.49 1.69 4.08 -6.33 1.71 21.40 0.08 2.90
Car 0.0 0 -2.67 132.12 185.15 386.50 270.03 1.42 1.55 4.19 -6.64 1.71 13.79 -3.13 3.69
Car 0.0 0 -2.75 168.46 186.72 390.83 265.08 1.41 1.53 4.03 -6.68 1.72 14.72 3.10 1.33
Car 0.0 0 -2.91 346.89 175.84 486.56 225.35 1.52 1.64 4.22 -6.40 1.66 24.00 3.12 0.57
Car 0.0 0 -2.59 -42.41 170.84 278.86 333.11 1.66 1.68 4.29 -6.53 1.67 8.28 3.10 1.68
Car 0.0 0 -1.66 635.79 177.65 674.75 211.57 1.53 1.68 4.08 2.15 1.79 35.55 -1.60 0.28
Car 0.0 0 0.59 33.41 174.99 320.03 292.38 1.55 1.60 3.96 -6.72 1.66 10.85 0.05 1.82
Car 0.0 0 -3.11 447.90 177.78 525.81 209.21 1.43 1.64 3.74 -6.07 1.72 35.62 3.01 0.21
Car 0.0 0 -1.47 545.68 174.40 574.81 199.96 1.51 1.59 3.57 -3.17 1.65 45.91 -1.54 0.20
Car 0.0 0 -3.10 487.59 177.06 551.71 204.52 1.46 1.63 3.64 -5.20 1.75 41.72 3.06 0.12
Car 0.0 0 0.55 33.68 178.43 316.15 295.05 1.51 1.59 3.96 -6.75 1.65 10.82 0.01 1.42
Car 0.0 0 0.16 414.60 177.81 517.67 213.93 1.46 1.63 3.57 -6.21 1.73 31.30 -0.04 0.11
