Car 0.0 0 -1.68 636.42 181.01 679.51 215.47 1.40 1.57 3.72 2.03 1.79 31.95 -1.62 2.32
Car 0.0 0 -0.27 753.23 182.05 935.28 248.06 1.44 1.68 3.84 5.51 1.70 17.41 0.05 5.45
Car 0.0 0 0.38 357.74 176.83 493.72 225.61 1.52 1.72 4.12 -6.27 1.69 24.53 0.13 1.98
Car 0.0 0 -2.78 230.66 182.06 427.53 246.91 1.41 1.55 4.18 -6.71 1.67 17.43 3.13 2.17
Car 0.0 0 -2.71 53.55 170.99 363.76 284.37 1.67 1.69 4.24 -6.51 1.69 11.83 3.06 2.69
Car 0.0 0 -0.63 963.60 175.40 1259.27 346.14 1.63 1.60 3.57 6.18 1.71 7.97 -0.02 3.12
Car 0.0 0 -2.74 146.36 177.56 400.61 261.55 1.56 1.62 4.09 -6.76 1.71 14.75 3.10 1.72
Car 0.0 0 0.72 -55.97 185.09 288.52 365.97 1.50 1.64 4.15 -5.69 1.68 7.00 0.13 1.90
Car 0.0 0 -1.68 632.52 177.61 664.30 207.52 1.53 1.67 4.01 2.06 1.83 40.30 -1.63 0.16
Car 0.0 0 -2.85 274.05 181.72 435.84 240.80 1.43 1.55 4.05 -6.78 1.70 19.32 3.10 0.39
Car 0.0 0 -3.12 469.89 177.11 531.04 206.82 1.45 1.65 4.08 -5.79 1.72 38.21 3.02 0.08
