Car 0.0 0 -1.71 679.71 181.65 726.53 220.72 1.36 1.50 3.45 3.47 1.72 27.65 -1.58 3.14
Car 0.0 0 -1.81 720.65 176.48 842.89 265.63 1.55 1.65 3.83 3.32 1.65 14.75 -1.58 8.12
Car 0.0 0 -1.87 765.00 182.38 970.68 322.43 1.51 1.58 3.67 3.21 1.67 9.78 -1.53 11.91
Car 0.0 0 -2.66 126.08 181.42 387.66 269.37 1.46 1.65 4.05 -6.61 1.67 13.60 -3.12 7.73
Car 0.0 0 -2.86 344.04 178.16 497.35 234.21 1.52 1.64 3.89 -5.60 1.71 21.36 -3.12 2.84
Car 0.0 0 -2.80 306.90 181.34 463.95 242.30 1.49 1.57 3.56 -6.01 1.74 19.25 -3.10 3.02
Car 0.0 0 0.38 396.60 175.80 525.79 224.23 1.54 1.67 4.02 -5.13 1.68 24.86 0.18 1.16
Car 0.0 0 -3.01 436.76 174.86 537.07 215.53 1.55 1.65 4.06 -5.05 1.65 29.34 3.11 0.20
Car 0.0 0 -3.00 464.33 177.63 558.79 210.57 1.39 1.65 4.25 -4.50 1.64 32.93 -3.13 0.19
Car 0.0 0 -1.79 705.82 176.84 772.14 225.79 1.50 1.52 3.58 4.22 1.67 24.30 -1.62 0.10
Car 0.0 0 -3.13 497.12 176.97 564.87 201.34 1.39 1.66 4.18 -4.85 1.70 44.66 3.05 0.09
