Car 0.0 0 2.74 728.16 170.72 883.39 231.66 1.65 1.67 4.37 5.65 1.63 21.26 3.00 4.03
Car 0.0 0 -2.80 314.11 177.91 446.48 233.00 1.43 1.51 3.76 -6.65 1.60 20.67 -3.11 1.14
Car 0.0 0 -2.61 -0.05 177.84 308.07 306.56 1.53 1.62 3.65 -6.40 1.65 9.99 3.11 6.34
Car 0.0 0 -2.85 395.45 175.74 502.69 216.57 1.49 1.62 3.86 -6.32 1.65 28.40 -3.07 1.38
Car 0.0 0 -0.37 816.81 178.35 1025.72 264.01 1.47 1.57 3.80 5.87 1.62 14.04 0.04 2.64
Car 0.0 0 2.56 821.07 186.46 1129.27 287.66 1.43 1.61 4.27 5.87 1.69 11.76 3.03 1.51
Car 0.0 0 -2.99 427.38 171.14 524.30 209.51 1.63 1.69 4.32 -6.08 1.59 32.79 3.11 0.52
Car 0.0 0 0.38 258.23 170.52 441.91 245.33 1.62 1.63 4.05 -6.12 1.61 17.01 0.04 0.50
Car 0.0 0 -3.02 471.38 171.77 547.89 199.37 1.54 1.68 4.00 -6.05 1.52 43.56 3.12 0.19
Car 0.0 0 -2.96 421.65 174.98 516.03 211.30 1.50 1.61 3.91 -6.34 1.64 32.23 3.13 0.14
Car 0.0 0 -3.00 463.95 172.20 540.20 201.63 1.55 1.66 4.07 -6.19 1.57 41.14 3.13 0.10
