Car 0.0 0 -1.68 653.91 181.17 705.56 223.08 1.46 1.60 3.62 2.53 1.78 27.37 -1.59 3.40
Car 0.0 0 1.89 289.11 193.33 454.86 297.50 1.46 1.63 4.03 -3.95 1.84 12.59 1.58 9.67
Car 0.0 0 2.75 795.15 158.51 997.00 225.83 1.74 1.70 4.59 7.82 1.39 20.20 3.13 3.56
Car 0.0 0 1.80 419.81 182.82 488.85 225.45 1.60 1.73 4.42 -6.38 2.03 29.87 1.58 1.24
Car 0.0 0 1.75 479.31 183.91 516.17 210.89 1.51 1.67 4.15 -6.77 2.21 43.67 1.60 1.01
Car 0.0 0 2.94 761.04 164.81 865.50 206.82 1.62 1.64 4.30 8.18 1.34 29.38 -3.07 0.29
Car 0.0 0 2.92 760.54 163.83 872.21 208.90 1.63 1.65 4.34 7.74 1.33 27.39 -3.08 0.29
Car 0.0 0 2.71 789.29 159.07 928.41 216.46 1.78 1.67 4.35 8.15 1.36 23.85 3.04 0.19
Car 0.0 0 -0.50 964.45 156.91 1046.43 185.70 1.55 1.72 3.87 22.78 0.72 41.78 -0.00 0.09
Car 0.0 0 -0.52 969.51 156.32 1056.65 185.88 1.53 1.70 3.95 22.21 0.67 39.89 -0.01 0.11
