Car 0.0 0 -1.70 633.54 178.96 676.84 214.50 1.46 1.61 3.86 1.91 1.75 32.12 -1.64 2.44
Car 0.0 0 2.65 782.29 177.91 1005.03 263.93 1.58 1.62 4.02 5.66 1.74 14.70 3.03 4.04
Car 0.0 0 -0.50 879.56 184.95 1250.74 316.42 1.52 1.63 4.12 6.06 1.76 9.85 0.07 6.03
Car 0.0 0 0.43 186.70 160.73 409.04 254.90 1.77 1.68 4.07 -6.46 1.61 15.07 0.03 2.64
Car 0.0 0 -2.73 94.71 170.88 370.96 273.57 1.66 1.66 3.99 -6.67 1.69 13.00 3.07 2.99
Car 0.0 0 -0.30 745.58 184.40 935.88 248.28 1.43 1.62 4.34 5.60 1.75 17.87 0.01 1.16
Car 0.0 0 -2.55 -14.81 183.29 258.05 328.43 1.45 1.62 4.05 -6.40 1.61 8.66 -3.14 2.71
Car 0.0 0 -2.87 366.14 177.19 496.03 222.62 1.44 1.60 4.10 -6.15 1.62 24.82 -3.11 0.30
Car 0.0 0 -1.68 618.54 175.47 650.97 201.16 1.52 1.64 4.06 1.51 1.73 46.10 -1.65 0.43
Car 0.0 0 -2.82 349.51 178.26 479.50 228.30 1.47 1.58 3.80 -6.22 1.65 22.91 -3.08 0.33
Car 0.0 0 -0.49 865.16 188.14 1144.34 286.52 1.50 1.55 3.94 6.65 1.80 12.37 0.01 1.28
Car 0.0 0 -2.96 387.31 177.17 501.89 216.67 1.44 1.63 4.24 -6.47 1.64 28.30 3.10 0.21
Car 0.0 0 -3.04 450.46 178.01 524.55 205.95 1.40 1.61 4.14 -6.61 1.71 38.85 3.08 0.12
Car 0.0 0 -0.51 857.94 186.52 1121.62 284.71 1.52 1.57 4.03 6.55 1.80 12.67 -0.02 0.70
