Car 0.0 0 -1.72 629.48 177.89 674.97 210.98 1.45 1.63 3.87 1.90 1.71 34.16 -1.66 2.30
Car 0.0 0 -2.27 762.27 177.30 901.77 231.58 1.46 1.64 3.78 6.50 1.63 21.62 -1.97 4.02
Car 0.0 0 -2.98 362.16 178.29 479.20 219.61 1.46 1.62 4.16 -7.23 1.70 27.59 3.05 1.73
Car 0.0 0 -2.57 26.15 177.83 310.99 287.19 1.57 1.59 3.63 -7.24 1.71 11.88 -3.11 5.30
Car 0.0 0 -1.67 611.25 175.17 644.25 203.10 1.49 1.62 3.77 0.94 1.66 41.62 -1.64 0.60
Car 0.0 0 -2.99 388.51 177.10 491.94 212.78 1.49 1.62 4.15 -7.63 1.72 32.63 3.06 0.27
Car 0.0 0 -2.71 157.61 181.08 384.48 263.19 1.49 1.58 3.87 -6.83 1.69 14.57 3.13 1.41
Car 0.0 0 -2.82 210.79 171.67 420.64 252.11 1.69 1.67 4.34 -6.75 1.70 16.63 3.07 1.18
Car 0.0 0 -3.00 435.17 175.50 519.26 203.25 1.49 1.66 4.03 -7.63 1.69 41.78 3.11 0.20
Car 0.0 0 -2.78 325.66 173.36 461.67 227.42 1.65 1.66 4.00 -7.12 1.71 23.65 -3.07 0.19
Car 0.0 0 -2.97 381.75 179.00 486.21 216.20 1.47 1.58 4.08 -7.60 1.78 31.24 3.07 0.13
Car 0.0 0 -3.03 448.27 174.88 524.45 202.55 1.52 1.68 4.12 -7.38 1.71 42.97 3.09 0.11
Car 0.0 0 -3.03 441.45 174.01 522.13 202.10 1.54 1.71 4.10 -7.50 1.66 42.72 3.08 0.10
