Car 0.0 0 -1.72 627.80 178.57 670.39 210.16 1.44 1.61 3.85 1.84 1.75 35.53 -1.67 2.20
Car 0.0 0 -2.24 753.10 177.82 876.99 228.50 1.47 1.62 3.74 6.49 1.66 23.25 -1.96 3.58
Car 0.0 0 -2.62 104.74 179.81 348.66 273.25 1.54 1.61 3.70 -7.09 1.71 13.37 -3.10 4.64
Car 0.0 0 -2.96 374.05 178.62 486.10 217.75 1.48 1.63 4.25 -7.33 1.76 29.43 3.08 0.87
Car 0.0 0 -2.71 186.92 179.56 400.09 256.93 1.51 1.60 3.85 -6.86 1.70 15.65 -3.12 2.31
Car 0.0 0 -3.00 397.58 177.94 493.72 212.16 1.47 1.63 4.28 -7.67 1.76 33.82 3.06 0.22
Car 0.0 0 -1.68 610.81 176.84 643.56 203.50 1.49 1.62 3.80 0.96 1.76 43.54 -1.65 0.33
Car 0.0 0 0.34 255.17 176.61 431.54 246.08 1.61 1.63 4.22 -6.68 1.74 18.20 -0.02 0.90
Car 0.0 0 -3.04 433.80 176.24 516.41 203.40 1.51 1.68 4.15 -8.04 1.76 43.33 3.06 0.16
Car 0.0 0 -1.67 610.87 176.76 641.09 203.69 1.50 1.63 3.82 0.91 1.79 43.68 -1.65 0.19
Car 0.0 0 -2.84 316.49 169.68 459.15 231.91 1.75 1.70 4.34 -6.82 1.69 21.92 -3.14 0.18
