Car 0.0 0 -1.78 654.32 175.53 746.78 241.02 1.42 1.64 4.19 2.07 1.51 17.89 -1.66 6.76
Car 0.0 0 -1.70 629.63 170.35 674.34 207.05 1.53 1.64 4.07 1.83 1.46 32.95 -1.64 1.96
Car 0.0 0 -2.71 190.04 177.80 420.70 256.30 1.45 1.57 3.99 -6.28 1.60 15.09 -3.11 4.46
Car 0.0 0 -2.64 86.52 181.76 372.77 273.23 1.44 1.57 3.85 -6.56 1.64 12.62 -3.12 2.43
Car 0.0 0 0.97 375.99 177.31 480.84 220.01 1.39 1.55 3.60 -6.49 1.58 25.65 0.73 0.62
Car 0.0 0 -3.00 457.82 173.20 522.52 199.62 1.44 1.58 3.64 -7.03 1.49 42.13 3.12 0.31
Car 0.0 0 0.40 270.37 177.49 433.45 237.72 1.43 1.53 3.84 -6.71 1.59 18.90 0.06 0.90
Car 0.0 0 0.39 291.93 177.18 437.85 235.11 1.44 1.54 3.90 -6.69 1.59 19.67 0.06 0.91
Car 0.0 0 -2.95 401.72 175.00 503.43 211.99 1.41 1.59 3.99 -6.51 1.54 30.01 3.12 0.21
Car 0.0 0 -3.02 460.15 172.59 529.73 198.93 1.46 1.63 3.85 -6.82 1.50 43.16 3.11 0.10
