Car 0.0 0 -1.69 635.80 176.25 669.96 204.48 1.41 1.58 3.78 2.25 1.62 39.07 -1.63 1.33
Car 0.0 0 -2.81 300.80 170.31 466.35 230.50 1.62 1.68 4.21 -6.56 1.60 21.00 -3.11 1.33
Car 0.0 0 -0.41 776.98 179.08 931.83 240.78 1.48 1.52 3.60 6.25 1.67 18.88 -0.08 1.39
Car 0.0 0 -0.54 854.97 173.04 1110.37 266.86 1.57 1.64 4.23 6.72 1.58 13.26 -0.06 1.77
Car 0.0 0 -2.79 259.44 173.74 430.14 238.56 1.54 1.58 3.65 -6.82 1.58 18.68 -3.14 0.78
Car 0.0 0 -1.96 766.48 191.66 1057.02 374.31 1.47 1.61 3.75 2.75 1.68 7.63 -1.57 5.50
Car 0.0 0 -2.78 175.64 177.29 408.82 256.47 1.47 1.61 4.20 -6.51 1.59 14.97 3.09 2.89
Car 0.0 0 -0.18 715.37 172.46 833.80 220.25 1.63 1.67 4.24 5.96 1.64 26.58 0.05 0.63
Car 0.0 0 -2.69 77.66 175.68 354.12 273.20 1.49 1.59 3.80 -6.60 1.58 12.20 3.09 1.42
Car 0.0 0 -0.37 768.76 179.14 911.53 236.73 1.47 1.49 3.35 6.27 1.68 19.99 -0.06 1.14
Car 0.0 0 -2.97 397.33 174.91 510.94 214.27 1.42 1.61 4.12 -6.07 1.53 28.12 3.10 0.45
Car 0.0 0 2.77 732.45 177.06 859.05 226.65 1.45 1.63 4.17 5.77 1.62 22.80 3.02 1.05
Car 0.0 0 0.69 -53.24 169.55 247.55 332.82 1.54 1.59 3.88 -6.10 1.52 7.64 0.07 1.21
Car 0.0 0 2.62 809.70 176.64 995.81 250.38 1.54 1.57 3.53 6.58 1.66 16.33 3.01 0.54
Car 0.0 0 -2.92 340.48 171.21 481.41 226.27 1.61 1.66 4.24 -6.32 1.60 22.91 3.10 0.32
Car 0.0 0 -2.78 145.44 176.68 411.31 258.96 1.47 1.61 4.16 -6.56 1.59 14.35 3.08 0.95
Car 0.0 0 0.60 18.74 170.82 348.81 298.72 1.54 1.59 4.06 -6.05 1.56 9.93 0.07 1.61
Car 0.0 0 -3.01 433.44 175.07 529.85 207.43 1.41 1.63 4.23 -5.99 1.55 33.94 3.10 0.12
Car 0.0 0 -2.89 352.77 173.35 485.14 223.96 1.57 1.63 4.15 -6.36 1.61 24.15 3.13 0.23
Car 0.0 0 -0.49 809.08 175.04 1043.67 253.75 1.57 1.59 3.83 6.83 1.63 15.65 -0.07 0.42
Car 0.0 0 0.60 18.77 171.20 351.41 303.40 1.54 1.61 4.13 -6.14 1.54 9.47 0.06 1.11
Car 0.0 0 -0.18 707.47 175.01 830.15 219.42 1.52 1.65 4.31 5.95 1.63 27.27 0.04 0.10
Car 0.0 0 -2.94 372.12 175.34 486.77 220.12 1.49 1.64 3.99 -6.54 1.61 25.93 3.10 0.13
