Car 0.0 0 -1.77 666.95 176.68 751.60 246.63 1.67 1.67 4.00 2.53 1.80 19.42 -1.63 5.31
Car 0.0 0 -1.92 741.36 195.14 998.50 350.82 1.45 1.62 3.73 2.76 1.74 8.74 -1.58 13.24
Car 0.0 0 -2.83 295.69 182.89 463.70 239.86 1.50 1.62 4.17 -6.67 1.83 20.94 -3.14 1.84
Car 0.0 0 -2.99 408.83 181.85 506.66 221.58 1.46 1.64 3.85 -6.05 1.84 28.60 3.09 0.66
Car 0.0 0 -2.83 249.80 184.10 442.52 253.27 1.48 1.57 4.11 -6.28 1.79 17.27 3.10 2.92
Car 0.0 0 -2.67 72.58 167.10 377.89 290.57 1.81 1.74 4.20 -6.28 1.76 11.88 3.13 4.66
Car 0.0 0 -1.72 656.06 179.86 717.05 227.96 1.48 1.63 3.89 2.48 1.76 24.74 -1.61 1.42
Car 0.0 0 0.45 207.94 178.66 428.83 263.49 1.56 1.59 3.91 -6.02 1.75 15.00 0.06 1.73
Car 0.0 0 -1.66 636.21 179.18 670.54 208.67 1.46 1.64 3.78 2.26 1.83 38.91 -1.60 0.13
Car 0.0 0 -2.91 357.06 183.01 475.78 228.53 1.46 1.56 3.82 -6.75 1.84 25.02 3.11 0.25
Car 0.0 0 -1.71 641.87 179.67 685.62 214.80 1.45 1.65 4.00 2.32 1.78 32.54 -1.64 0.19
Car 0.0 0 0.18 447.95 178.13 529.47 209.90 1.55 1.64 3.80 -6.45 1.87 38.35 0.02 0.08
Car 0.0 0 -1.68 639.43 179.42 682.57 213.69 1.46 1.63 3.86 2.30 1.78 33.52 -1.61 0.13
Car 0.0 0 -3.02 467.64 179.40 538.53 206.50 1.49 1.65 3.83 -6.44 1.94 43.67 3.12 0.10
Car 0.0 0 -3.05 473.84 179.06 543.78 206.07 1.48 1.66 3.89 -6.09 1.91 43.23 3.09 0.08
