Car 0.0 0 1.77 517.32 179.25 560.62 208.69 1.53 1.63 3.78 -3.91 1.90 39.95 1.67 2.09
Car 0.0 0 -1.78 714.79 180.16 811.81 246.62 1.49 1.65 3.96 3.72 1.69 18.33 -1.57 6.64
Car 0.0 0 -1.85 759.25 181.26 913.29 281.68 1.52 1.61 3.69 3.79 1.68 12.85 -1.55 10.05
Car 0.0 0 1.84 372.36 186.79 478.07 254.65 1.51 1.64 3.92 -4.62 1.88 18.39 1.59 6.44
Car 0.0 0 -1.71 699.47 179.85 765.86 229.15 1.46 1.68 4.02 3.92 1.71 23.77 -1.54 2.97
Car 0.0 0 -2.08 850.39 189.94 1225.69 380.03 1.46 1.59 3.61 3.73 1.68 7.24 -1.54 11.37
Car 0.0 0 1.83 429.94 184.87 508.24 233.67 1.44 1.61 4.00 -4.60 1.86 23.94 1.64 3.74
Car 0.0 0 1.96 227.00 190.37 418.19 299.63 1.54 1.65 4.00 -4.78 1.86 12.51 1.58 8.28
Car 0.0 0 -2.61 900.77 173.92 963.92 202.69 1.48 1.42 3.36 17.73 1.57 39.84 -2.19 0.48
Car 0.0 0 2.57 1031.11 174.20 1142.45 213.26 1.50 1.61 4.09 19.69 1.57 29.93 -3.13 0.22
Car 0.0 0 -1.66 688.59 178.08 738.24 214.42 1.50 1.65 3.77 4.57 1.76 32.41 -1.52 0.24
Car 0.0 0 -1.65 684.28 177.88 728.44 212.40 1.49 1.65 3.87 4.49 1.76 34.02 -1.51 0.21
Car 0.0 0 1.71 537.90 178.70 570.18 203.67 1.51 1.61 3.91 -3.65 1.95 46.96 1.64 0.18
Car 0.0 0 -1.68 691.43 178.80 751.22 218.42 1.51 1.64 3.85 4.51 1.75 29.96 -1.53 0.07
