Car 0.0 0 -1.74 629.34 179.71 689.79 224.44 1.44 1.63 4.13 1.62 1.70 25.58 -1.67 4.51
Car 0.0 0 -0.49 819.75 190.31 1159.10 301.33 1.42 1.63 4.34 5.40 1.72 10.76 -0.01 5.96
Car 0.0 0 -2.76 328.58 179.31 464.02 230.13 1.47 1.55 3.92 -6.70 1.70 22.59 -3.05 1.57
Car 0.0 0 -2.73 283.09 180.08 436.04 239.82 1.48 1.56 3.77 -6.79 1.71 19.45 -3.06 0.87
Car 0.0 0 -1.46 446.49 179.47 494.73 210.87 1.43 1.53 3.55 -6.83 1.79 35.51 -1.65 0.44
Car 0.0 0 -1.68 611.86 175.46 646.34 204.33 1.49 1.59 3.83 1.00 1.68 40.58 -1.65 0.67
Car 0.0 0 -2.86 374.06 178.40 481.06 222.33 1.49 1.55 3.85 -6.73 1.71 26.39 -3.11 0.24
Car 0.0 0 2.43 919.77 180.21 1215.45 342.93 1.54 1.65 4.21 5.79 1.65 7.91 3.00 2.97
Car 0.0 0 -2.90 383.15 179.44 491.64 220.03 1.48 1.59 3.96 -6.83 1.77 28.39 -3.13 0.14
Car 0.0 0 0.67 -35.34 148.28 276.20 321.00 1.68 1.67 4.31 -6.31 1.48 8.05 0.07 1.24
Car 0.0 0 -3.02 443.76 180.28 508.02 208.49 1.45 1.58 3.82 -7.43 1.90 40.11 3.08 0.07
Car 0.0 0 -0.46 811.19 168.14 949.68 261.96 1.89 1.65 4.15 6.01 1.83 16.41 -0.10 0.38
