Car 0.0 0 -1.86 725.21 184.16 903.34 299.85 1.43 1.62 3.78 2.84 1.63 11.02 -1.58 8.72
Car 0.0 0 -2.98 422.95 173.01 514.12 206.88 1.47 1.59 3.61 -6.54 1.50 33.33 3.11 1.13
Car 0.0 0 2.78 698.65 170.42 835.25 220.90 1.61 1.70 4.27 5.29 1.56 24.87 2.99 1.74
Car 0.0 0 -2.75 201.01 171.85 409.71 251.95 1.54 1.64 3.79 -6.35 1.56 15.30 3.13 3.98
Car 0.0 0 2.73 783.16 181.04 943.31 241.90 1.44 1.61 3.92 6.36 1.67 18.61 3.07 1.51
Car 0.0 0 -3.05 447.60 170.70 534.62 202.92 1.53 1.63 3.78 -6.05 1.45 36.76 3.07 0.47
Car 0.0 0 0.54 50.47 162.93 343.94 289.54 1.62 1.61 4.04 -5.98 1.55 10.37 0.02 3.03
Car 0.0 0 0.67 -29.66 179.29 316.51 325.20 1.48 1.63 4.13 -6.23 1.64 8.64 0.10 3.81
Car 0.0 0 0.36 301.60 168.60 481.54 237.85 1.66 1.67 4.04 -5.59 1.58 18.61 0.07 0.70
Car 0.0 0 -3.05 458.33 169.63 537.26 199.29 1.53 1.64 3.82 -6.18 1.40 39.99 3.08 0.15
Car 0.0 0 -2.91 378.67 173.86 481.03 214.12 1.45 1.51 3.61 -7.00 1.50 27.94 3.13 0.14
Car 0.0 0 -3.05 455.11 170.21 537.67 201.52 1.54 1.64 3.88 -6.08 1.45 38.40 3.07 0.10
