Car 0.0 0 -1.67 664.72 179.86 705.25 211.44 1.39 1.57 3.71 3.52 1.75 34.58 -1.57 2.41
Car 0.0 0 0.40 307.69 178.84 492.96 241.80 1.50 1.63 4.20 -5.48 1.70 18.98 0.12 2.45
Car 0.0 0 0.39 272.57 179.74 469.89 250.76 1.53 1.60 4.07 -5.63 1.75 17.11 0.07 2.23
Car 0.0 0 -2.57 -60.35 194.09 301.14 333.00 1.45 1.63 4.05 -6.32 1.76 8.85 3.12 6.06
Car 0.0 0 -2.60 69.75 187.92 330.24 292.84 1.44 1.53 3.87 -6.68 1.73 11.51 -3.12 2.92
Car 0.0 0 0.33 350.89 180.28 504.27 233.61 1.47 1.59 4.13 -5.46 1.73 21.71 0.09 0.76
Car 0.0 0 0.21 404.85 176.78 526.71 221.09 1.52 1.65 4.03 -5.29 1.69 26.38 0.01 0.29
Car 0.0 0 -3.06 473.47 175.61 555.07 208.30 1.51 1.64 3.92 -4.82 1.69 36.51 3.09 0.18
Car 0.0 0 0.20 419.07 171.99 537.56 220.68 1.68 1.70 4.21 -4.85 1.68 26.70 0.02 0.20
Car 0.0 0 0.29 358.29 180.45 510.86 232.41 1.47 1.58 4.06 -5.38 1.76 22.33 0.05 0.22
Car 0.0 0 0.20 454.26 174.43 553.25 211.54 1.54 1.62 4.05 -4.88 1.67 32.99 0.05 0.10
Car 0.0 0 0.20 383.37 179.34 515.86 229.45 1.49 1.60 3.99 -5.22 1.75 23.26 -0.01 0.15
