Car 0.0 0 -0.21 649.24 176.78 770.85 222.71 1.50 1.69 3.92 3.41 1.66 25.26 -0.08 3.37
Car 0.0 0 -0.40 709.31 178.42 937.70 260.73 1.43 1.68 3.80 4.04 1.58 14.30 -0.11 7.96
Car 0.0 0 -3.00 284.63 173.29 425.35 221.68 1.61 1.70 4.17 -9.12 1.67 25.95 2.94 2.16
Car 0.0 0 -2.81 164.19 180.05 369.83 244.96 1.42 1.58 4.03 -8.32 1.65 17.65 3.03 4.15
Car 0.0 0 0.45 87.65 173.71 340.54 260.16 1.56 1.65 4.11 -7.97 1.65 14.64 -0.05 4.92
Car 0.0 0 -2.57 -71.61 190.49 198.46 316.25 1.44 1.58 3.66 -7.54 1.71 9.59 3.06 2.85
Car 0.0 0 -0.19 636.64 177.53 734.33 214.31 1.44 1.64 4.09 3.19 1.68 30.92 -0.08 0.26
Car 0.0 0 0.35 223.80 180.60 391.44 235.05 1.40 1.61 3.97 -8.57 1.68 20.44 -0.05 0.47
Car 0.0 0 -3.01 329.17 172.93 433.54 209.58 1.58 1.67 4.11 -10.42 1.62 33.12 2.97 0.21
Car 0.0 0 -3.00 286.32 173.88 425.32 222.26 1.56 1.66 4.11 -8.90 1.64 25.28 2.94 0.29
