Car 0.0 0 -1.80 706.06 176.85 820.48 252.17 1.55 1.66 3.98 3.38 1.65 16.82 -1.59 7.25
Car 0.0 0 1.86 366.21 190.30 462.91 246.29 1.48 1.68 4.12 -5.74 2.02 21.55 1.59 5.13
Car 0.0 0 -1.68 663.48 179.22 722.31 214.91 1.51 1.64 3.81 3.67 1.82 32.74 -1.56 1.60
Car 0.0 0 -1.73 684.53 176.59 760.80 231.59 1.58 1.67 3.95 3.43 1.71 22.80 -1.58 3.00
Car 0.0 0 1.94 205.18 197.18 382.52 286.98 1.47 1.68 4.30 -6.10 1.99 14.38 1.53 7.99
Car 0.0 0 1.78 478.86 184.84 525.15 214.88 1.48 1.53 3.83 -5.73 2.15 38.47 1.63 0.92
Car 0.0 0 1.80 428.78 187.45 491.28 229.75 1.46 1.56 3.83 -5.70 2.04 27.70 1.60 1.70
Car 0.0 0 2.17 -32.78 205.39 241.27 375.12 1.49 1.62 4.04 -5.93 1.93 8.17 1.56 4.82
Car 0.0 0 -1.68 666.32 179.62 724.07 215.75 1.51 1.66 3.92 3.74 1.83 32.61 -1.56 0.27
Car 0.0 0 2.53 1039.72 133.68 1276.52 234.51 1.70 1.64 3.83 10.08 1.03 13.27 -3.10 0.63
Car 0.0 0 2.63 959.89 144.71 1157.69 225.89 1.70 1.64 3.78 9.95 1.12 16.11 -3.09 0.49
Car 0.0 0 2.72 893.89 152.57 1057.14 220.05 1.68 1.67 3.98 9.44 1.20 18.85 -3.09 0.17
Car 0.0 0 -1.67 656.99 178.47 692.42 210.18 1.54 1.64 3.80 3.41 1.89 38.68 -1.58 0.08
