Car 0.0 0 -1.69 680.79 182.25 723.25 217.34 1.35 1.52 3.58 3.82 1.78 30.53 -1.56 2.14
Car 0.0 0 -1.81 736.49 182.85 866.25 279.31 1.49 1.60 3.73 3.32 1.70 13.23 -1.55 10.64
Car 0.0 0 -1.76 706.72 178.20 797.42 247.74 1.54 1.66 3.91 3.44 1.69 18.23 -1.56 5.41
Car 0.0 0 -2.77 250.74 182.45 444.58 248.27 1.48 1.65 4.06 -6.37 1.76 17.75 -3.12 4.42
Car 0.0 0 -2.82 365.88 181.64 492.20 232.49 1.52 1.53 3.33 -5.82 1.83 23.17 -3.06 1.85
Car 0.0 0 0.34 397.10 179.26 527.87 226.62 1.55 1.64 3.93 -5.16 1.81 25.39 0.14 1.10
Car 0.0 0 0.58 9.16 179.37 379.08 301.44 1.51 1.65 4.25 -5.93 1.65 10.18 0.06 4.97
Car 0.0 0 -2.90 435.12 179.13 548.02 220.36 1.54 1.66 4.18 -4.73 1.81 28.79 -3.07 0.45
Car 0.0 0 -3.03 474.08 178.85 566.83 210.73 1.47 1.69 4.33 -4.47 1.80 35.70 3.13 0.14
Car 0.0 0 -3.00 458.67 179.66 551.81 217.25 1.49 1.66 4.20 -4.49 1.83 31.01 3.14 0.08
Car 0.0 0 -3.07 490.14 180.35 571.46 208.91 1.42 1.67 4.22 -4.22 1.85 38.72 3.10 0.08
