Car 0.0 0 1.74 446.75 166.89 518.20 216.02 1.51 1.69 3.94 -4.27 1.33 24.59 1.56 4.94
Car 0.0 0 -1.73 648.59 166.49 716.91 217.69 1.51 1.61 3.64 2.24 1.33 23.52 -1.63 5.32
Car 0.0 0 -1.79 676.45 167.87 766.65 235.44 1.54 1.55 3.49 2.71 1.42 18.45 -1.63 7.65
Car 0.0 0 -1.85 722.73 170.32 888.48 285.30 1.55 1.59 3.47 2.91 1.54 11.65 -1.59 11.90
Car 0.0 0 -2.06 793.00 183.60 1193.87 383.14 1.44 1.64 3.90 3.02 1.60 6.81 -1.57 10.09
Car 0.0 0 1.96 128.79 172.85 414.77 356.65 1.59 1.62 3.82 -3.52 1.62 8.21 1.52 9.81
Car 0.0 0 -1.70 633.69 166.12 683.59 205.73 1.53 1.65 3.66 1.92 1.27 30.31 -1.63 1.22
Car 0.0 0 -1.70 637.82 167.07 687.02 207.99 1.53 1.64 3.61 2.05 1.32 29.49 -1.63 0.32
Car 0.0 0 1.68 496.07 165.86 534.01 195.44 1.54 1.62 3.98 -5.36 1.19 40.87 1.55 0.07
Car 0.0 0 1.64 499.47 166.40 534.29 194.44 1.51 1.61 3.99 -5.45 1.18 42.19 1.52 0.08
Car 0.0 0 1.63 504.74 166.66 536.66 193.71 1.52 1.61 3.98 -5.47 1.20 44.14 1.51 0.09
Car 0.0 0 1.90 207.31 175.51 373.71 272.84 1.52 1.63 3.87 -5.90 1.61 13.63 1.48 0.24
