Car 0.0 0 -1.68 635.45 181.77 675.95 215.22 1.41 1.56 3.62 2.01 1.85 33.05 -1.62 2.17
Car 0.0 0 -0.23 743.10 183.81 898.94 242.87 1.44 1.67 3.82 5.50 1.76 19.28 0.06 4.41
Car 0.0 0 0.37 374.06 177.40 503.23 223.40 1.53 1.72 4.12 -6.20 1.74 26.00 0.14 1.65
Car 0.0 0 -2.84 272.39 183.10 449.39 240.49 1.41 1.55 4.23 -6.67 1.72 19.53 3.11 1.55
Car 0.0 0 0.62 -45.69 177.94 333.18 323.29 1.53 1.62 4.04 -5.95 1.70 8.94 0.05 5.16
Car 0.0 0 -0.55 923.85 180.81 1239.68 316.99 1.58 1.61 3.70 6.24 1.75 9.83 0.03 5.08
Car 0.0 0 -2.71 109.15 172.45 390.71 277.09 1.66 1.64 4.14 -6.29 1.70 12.79 3.11 1.17
Car 0.0 0 -2.76 184.46 176.79 411.87 257.37 1.60 1.63 4.14 -6.70 1.72 15.61 3.11 1.63
Car 0.0 0 -2.83 227.75 180.16 430.39 250.33 1.50 1.58 4.21 -6.54 1.71 16.97 3.08 0.99
Car 0.0 0 -3.00 379.81 177.00 506.33 221.11 1.52 1.69 4.33 -6.19 1.72 26.92 3.06 0.36
Car 0.0 0 0.53 11.78 185.78 358.84 296.03 1.47 1.59 4.07 -6.41 1.70 10.77 -0.00 1.13
Car 0.0 0 -2.76 46.77 180.70 374.05 291.60 1.52 1.56 4.16 -6.03 1.66 11.05 3.02 1.07
Car 0.0 0 -1.67 630.56 179.02 661.36 207.58 1.53 1.66 3.97 2.03 1.93 42.32 -1.62 0.14
