Car 0.0 0 1.79 461.16 185.13 528.06 231.24 1.51 1.69 3.90 -4.10 1.97 26.09 1.63 4.99
Car 0.0 0 -1.72 702.73 181.66 757.66 225.30 1.49 1.63 3.81 4.40 1.83 26.99 -1.55 3.33
Car 0.0 0 -1.73 720.98 183.25 795.81 239.75 1.47 1.58 3.68 4.18 1.79 20.95 -1.53 5.60
Car 0.0 0 -1.82 745.16 181.45 870.91 265.20 1.55 1.61 3.65 4.03 1.75 15.32 -1.56 8.92
Car 0.0 0 -1.96 803.40 192.42 1040.90 327.50 1.45 1.64 3.99 3.88 1.73 9.82 -1.55 12.00
Car 0.0 0 -1.69 689.76 179.55 733.56 217.31 1.56 1.66 3.99 4.49 1.90 32.52 -1.55 1.29
Car 0.0 0 1.77 503.48 185.11 552.96 220.07 1.48 1.53 3.71 -3.76 2.07 33.45 1.65 1.09
Car 0.0 0 -2.10 927.65 178.03 994.91 206.53 1.48 1.52 3.64 19.50 1.80 40.29 -1.64 0.37
Car 0.0 0 1.73 514.71 183.86 559.61 215.22 1.49 1.64 4.17 -3.74 2.10 37.58 1.63 0.20
Car 0.0 0 1.74 566.77 179.26 596.68 202.22 1.63 1.62 3.89 -2.17 2.16 55.06 1.70 0.18
Car 0.0 0 -1.67 684.80 179.39 723.76 214.24 1.57 1.64 4.03 4.58 1.92 35.54 -1.54 0.08
Car 0.0 0 -2.16 1026.62 180.07 1126.97 217.84 1.46 1.56 3.77 19.39 1.78 30.23 -1.58 0.09
