Car 0.0 0 -1.71 632.92 180.35 679.64 217.84 1.44 1.60 3.89 1.84 1.78 30.32 -1.65 2.87
Car 0.0 0 2.61 808.87 179.25 1081.35 280.90 1.61 1.64 4.01 5.86 1.78 12.97 3.05 5.10
Car 0.0 0 -2.66 -10.36 170.29 335.05 292.94 1.63 1.67 4.02 -6.64 1.66 10.86 3.07 3.58
Car 0.0 0 -0.36 760.84 188.94 981.72 261.36 1.42 1.64 4.42 5.59 1.81 15.83 -0.01 2.32
Car 0.0 0 -2.83 340.71 178.79 474.87 227.06 1.44 1.59 3.90 -6.50 1.66 23.14 -3.11 0.59
Car 0.0 0 -0.58 955.65 189.68 1253.93 354.27 1.52 1.65 3.95 5.99 1.74 7.81 0.02 3.83
Car 0.0 0 0.51 110.92 160.65 371.68 266.67 1.72 1.68 4.01 -6.57 1.58 13.04 0.04 2.22
Car 0.0 0 -0.56 898.95 186.63 1190.81 303.16 1.51 1.58 3.98 6.56 1.77 10.88 -0.02 2.36
Car 0.0 0 -2.82 365.78 178.22 492.71 220.81 1.41 1.61 4.25 -6.54 1.64 25.93 -3.07 0.58
Car 0.0 0 -1.69 616.33 176.29 649.03 202.74 1.53 1.61 3.90 1.34 1.78 44.98 -1.66 0.36
Car 0.0 0 -2.99 445.73 178.80 518.35 206.79 1.46 1.62 3.95 -7.14 1.82 40.39 3.11 0.09
Car 0.0 0 -2.96 396.60 178.06 496.31 214.77 1.41 1.58 4.15 -6.79 1.67 29.97 3.10 0.09
