Car 0.0 0 1.78 452.84 185.04 522.97 233.60 1.51 1.69 3.97 -4.15 1.96 24.98 1.61 4.87
Car 0.0 0 -1.72 705.17 181.36 763.48 226.99 1.49 1.62 3.76 4.35 1.81 25.90 -1.55 3.88
Car 0.0 0 -1.74 725.57 183.60 804.37 243.12 1.46 1.56 3.59 4.14 1.77 19.87 -1.53 6.24
Car 0.0 0 -1.85 749.97 181.56 892.03 271.54 1.55 1.61 3.66 4.00 1.73 14.36 -1.56 8.66
Car 0.0 0 -1.97 820.69 195.32 1105.16 348.82 1.45 1.63 3.86 3.84 1.72 8.80 -1.51 13.06
Car 0.0 0 1.76 495.04 184.65 545.95 221.78 1.49 1.50 3.57 -3.88 2.04 31.74 1.64 2.16
Car 0.0 0 -1.70 690.49 178.84 736.53 217.73 1.57 1.67 4.05 4.45 1.87 31.72 -1.56 1.06
Car 0.0 0 -2.63 921.43 175.88 1007.51 205.02 1.45 1.44 3.74 18.73 1.66 38.33 -2.17 0.37
Car 0.0 0 -2.10 972.92 175.93 1053.42 210.98 1.48 1.60 3.41 17.99 1.63 32.50 -1.59 0.36
Car 0.0 0 1.74 563.98 179.30 594.52 202.48 1.63 1.64 3.89 -2.31 2.16 54.41 1.70 0.31
Car 0.0 0 1.72 514.21 184.02 558.11 216.21 1.50 1.63 4.16 -3.74 2.12 36.93 1.62 0.30
Car 0.0 0 -1.68 686.02 178.27 726.32 213.57 1.59 1.65 4.00 4.66 1.89 35.54 -1.54 0.09
