Car 0.0 0 -1.69 657.36 182.19 712.43 225.63 1.44 1.62 3.75 2.59 1.79 26.16 -1.59 3.96
Car 0.0 0 1.93 244.18 196.88 441.44 316.48 1.48 1.65 3.98 -3.92 1.86 11.25 1.58 10.37
Car 0.0 0 2.72 810.11 157.71 1022.98 229.75 1.73 1.70 4.59 7.89 1.40 19.00 3.13 4.22
Car 0.0 0 1.81 413.61 184.15 487.59 228.22 1.59 1.71 4.38 -6.29 2.07 28.81 1.59 1.46
Car 0.0 0 1.74 478.28 185.28 515.59 212.30 1.48 1.67 4.08 -6.66 2.24 42.70 1.59 1.20
Car 0.0 0 2.91 768.53 165.40 880.94 209.61 1.62 1.65 4.31 8.22 1.38 27.96 -3.08 0.70
Car 0.0 0 -2.11 990.59 155.85 1071.82 187.76 1.53 1.70 3.72 21.59 0.69 37.17 -1.58 0.60
Car 0.0 0 2.69 800.99 159.38 947.60 220.81 1.78 1.67 4.34 7.98 1.39 22.09 3.04 0.28
Car 0.0 0 -2.09 939.93 160.20 1018.18 191.16 1.57 1.70 3.92 20.31 0.95 39.74 -1.61 0.10
Car 0.0 0 -2.11 1054.85 148.76 1130.46 188.54 1.86 1.72 3.63 24.61 0.74 36.72 -1.52 0.15
