Car 0.0 0 -1.70 633.71 180.20 678.53 216.80 1.43 1.60 3.86 1.87 1.76 30.76 -1.64 2.54
Car 0.0 0 2.63 797.69 181.08 1038.16 273.64 1.56 1.62 4.00 5.71 1.77 13.74 3.03 4.69
Car 0.0 0 -0.52 909.54 187.05 1268.86 331.99 1.50 1.66 4.18 6.08 1.73 8.74 0.07 4.93
Car 0.0 0 -2.70 48.92 171.21 352.59 282.72 1.65 1.67 4.06 -6.67 1.70 12.02 3.07 3.01
Car 0.0 0 -1.69 616.25 175.83 651.08 202.59 1.53 1.63 4.01 1.39 1.75 44.53 -1.66 0.65
Car 0.0 0 -2.82 343.11 178.91 477.31 228.46 1.45 1.60 3.90 -6.31 1.67 22.79 -3.09 0.51
Car 0.0 0 -0.33 752.64 186.12 957.93 255.13 1.44 1.64 4.34 5.56 1.79 16.78 0.00 1.46
Car 0.0 0 0.49 140.94 162.58 392.68 260.10 1.73 1.69 4.08 -6.65 1.61 14.15 0.05 1.83
Car 0.0 0 -0.51 879.58 187.75 1175.99 293.83 1.49 1.56 4.03 6.57 1.78 11.55 0.02 1.79
Car 0.0 0 -2.94 376.12 177.94 496.04 219.59 1.42 1.61 4.22 -6.49 1.65 26.69 3.11 0.27
Car 0.0 0 -1.95 -40.13 186.87 218.25 351.32 1.43 1.60 3.96 -6.16 1.60 7.73 -2.57 2.38
Car 0.0 0 0.49 156.25 163.09 389.77 261.77 1.72 1.68 4.06 -6.45 1.61 14.03 0.05 1.28
Car 0.0 0 -3.04 451.29 178.62 521.91 206.78 1.43 1.63 4.03 -6.73 1.78 39.43 3.08 0.10
Car 0.0 0 -0.52 891.71 193.09 1191.10 297.85 1.48 1.56 3.97 6.89 1.84 11.58 0.02 0.99
Car 0.0 0 -2.99 393.37 178.38 501.41 216.65 1.41 1.61 4.25 -6.47 1.66 28.74 3.07 0.10
Car 0.0 0 -0.33 749.63 182.30 928.60 247.61 1.49 1.61 4.12 5.82 1.81 18.69 -0.02 0.11
