Car 0.0 0 -1.68 635.81 175.05 670.67 203.55 1.43 1.60 3.80 2.28 1.58 39.16 -1.62 1.61
Car 0.0 0 -0.35 783.48 177.14 961.45 244.14 1.49 1.57 4.03 6.26 1.62 17.57 -0.01 1.93
Car 0.0 0 0.31 291.27 163.46 468.43 230.87 1.75 1.73 4.37 -6.44 1.54 20.29 0.01 1.55
Car 0.0 0 -2.76 120.58 174.03 395.64 260.86 1.47 1.63 4.22 -6.62 1.55 13.76 3.07 4.12
Car 0.0 0 -2.81 240.88 171.30 418.40 239.70 1.53 1.59 3.65 -6.82 1.53 17.74 3.11 0.75
Car 0.0 0 2.75 731.77 176.39 864.13 227.34 1.45 1.66 4.30 5.72 1.60 22.18 3.00 1.77
Car 0.0 0 -1.97 783.35 182.81 1151.25 390.31 1.52 1.63 3.82 2.72 1.67 6.66 -1.51 4.08
Car 0.0 0 -0.43 795.79 176.48 979.74 247.71 1.47 1.56 3.86 6.24 1.59 16.44 -0.06 1.15
Car 0.0 0 -0.20 716.48 171.60 832.02 219.12 1.64 1.68 4.24 6.05 1.62 26.98 0.02 0.57
Car 0.0 0 -3.00 410.68 172.91 509.72 212.17 1.41 1.61 4.14 -5.83 1.43 27.98 3.08 0.50
Car 0.0 0 -0.54 868.87 173.27 1130.85 266.82 1.57 1.63 4.16 6.96 1.58 13.22 -0.05 0.98
Car 0.0 0 -2.81 236.85 173.91 416.14 241.08 1.52 1.59 3.66 -6.96 1.55 17.79 3.10 0.73
Car 0.0 0 0.31 332.21 168.98 479.57 224.39 1.60 1.65 4.26 -6.37 1.52 22.58 0.03 0.37
Car 0.0 0 0.27 441.54 171.67 531.58 201.87 1.41 1.64 4.15 -6.21 1.40 36.49 0.10 0.17
Car 0.0 0 -2.66 22.28 172.54 322.99 281.18 1.50 1.59 3.70 -6.73 1.53 11.10 3.08 0.93
Car 0.0 0 0.56 -31.80 162.42 283.92 309.50 1.51 1.61 4.25 -6.40 1.43 8.35 -0.03 0.84
Car 0.0 0 -2.60 -13.94 169.51 320.28 311.15 1.52 1.61 4.09 -5.92 1.51 8.99 3.11 1.84
Car 0.0 0 2.62 810.80 175.26 1024.11 252.95 1.53 1.56 3.79 6.55 1.60 15.44 3.02 0.49
Car 0.0 0 -2.75 85.44 174.59 377.94 267.59 1.48 1.60 4.08 -6.72 1.56 12.80 3.05 0.65
Car 0.0 0 2.76 747.51 175.91 888.10 230.30 1.48 1.55 3.81 5.99 1.60 21.10 3.04 0.30
Car 0.0 0 -0.16 711.80 172.97 824.28 214.48 1.53 1.67 4.29 6.45 1.59 29.56 0.06 0.10
