Car 0.0 0 -1.79 685.31 183.54 809.77 265.38 1.45 1.64 4.15 2.63 1.68 15.00 -1.61 7.74
Car 0.0 0 -1.72 665.10 180.20 724.98 222.32 1.40 1.62 4.02 3.01 1.69 26.72 -1.60 2.00
Car 0.0 0 0.44 298.07 183.58 471.49 242.54 1.42 1.66 4.05 -5.97 1.75 19.21 0.13 3.22
Car 0.0 0 -2.53 -54.85 195.14 275.07 339.69 1.46 1.61 4.09 -6.39 1.74 8.44 -3.14 4.05
Car 0.0 0 -2.97 425.73 180.38 517.81 216.48 1.40 1.61 3.76 -5.81 1.75 30.16 3.12 0.37
Car 0.0 0 0.51 123.69 178.30 374.50 272.88 1.52 1.61 4.07 -6.55 1.68 13.27 0.05 2.17
Car 0.0 0 -2.61 26.95 183.00 333.15 293.46 1.50 1.59 4.02 -6.70 1.72 11.36 3.13 2.77
Car 0.0 0 -2.84 350.72 172.28 476.99 223.53 1.70 1.68 3.97 -7.04 1.72 25.83 -3.10 0.31
Car 0.0 0 -2.98 459.03 175.88 545.68 209.24 1.50 1.66 3.89 -5.23 1.68 34.97 -3.13 0.14
Car 0.0 0 -3.00 464.49 175.31 547.48 207.51 1.52 1.66 3.99 -5.32 1.69 37.11 3.14 0.10
Car 0.0 0 -1.68 644.11 171.58 675.61 200.61 1.62 1.61 3.84 2.97 1.60 43.71 -1.62 0.23
Car 0.0 0 -2.99 468.55 175.45 550.58 207.54 1.53 1.66 4.07 -5.21 1.71 37.50 -3.13 0.08
Car 0.0 0 -2.11 844.08 198.83 1321.04 386.93 1.44 1.53 3.33 3.09 1.76 5.42 -1.53 1.50
Car 0.0 0 -3.03 489.17 175.95 546.89 204.34 1.49 1.65 3.89 -5.20 1.72 41.18 3.13 0.06
