Car 0.0 0 -1.71 684.58 181.24 746.31 231.49 1.53 1.57 3.63 3.38 1.81 23.98 -1.57 2.52
Car 0.0 0 -1.84 723.51 180.19 862.57 275.12 1.56 1.63 3.90 3.31 1.71 13.94 -1.59 11.27
Car 0.0 0 -2.00 789.23 185.37 1112.74 360.33 1.50 1.63 4.05 3.33 1.62 8.10 -1.56 13.87
Car 0.0 0 1.96 196.03 197.84 393.15 291.38 1.44 1.67 4.19 -5.77 1.95 13.74 1.55 7.56
Car 0.0 0 -1.68 666.19 182.36 727.85 221.83 1.47 1.67 3.96 3.42 1.87 29.30 -1.56 1.96
Car 0.0 0 1.82 439.26 185.77 503.75 225.99 1.47 1.62 3.91 -5.52 2.01 29.02 1.63 2.46
Car 0.0 0 1.86 342.83 190.67 448.08 251.94 1.45 1.65 4.01 -5.73 1.96 19.61 1.58 4.47
Car 0.0 0 1.72 500.34 181.03 533.84 207.09 1.50 1.64 3.50 -5.71 2.03 44.65 1.59 0.94
Car 0.0 0 -1.66 657.33 180.64 705.99 212.75 1.52 1.65 3.93 3.63 1.96 37.27 -1.56 0.19
Car 0.0 0 -1.65 654.57 179.48 692.28 211.02 1.55 1.64 3.78 3.32 1.94 38.47 -1.56 0.20
Car 0.0 0 -1.65 656.77 180.73 703.34 211.67 1.52 1.65 3.92 3.72 1.98 38.76 -1.56 0.14
